0.3 0.000003
0.0508011 -0.4011642 -0.2195576 8.146343750022 1.772268450004 0.101922600000
0.64 0.0000064
0.0655112 -0.6589741 -0.3006194 7.303040450020 0.749991050002 -0.124749700000
1 0.00001
-0.6349052 0.6910548 0.2995998 -4.903566950013 -3.734763950010 -1.619165550004
2.1 0.000021
-0.8326456 -1.1782356 -0.5179253 4.480750950012 -2.080576650005 -1.075381250003
11.9 0.000119
-5.385202 -0.840171 -0.229015 0.401479560001 -2.379131685006 -1.029543455002
30 0.00030
-3.743403 7.568504 3.287166 -1.963567505005 -0.814815415002 -0.252049655000
84 0.00084
18.38175 -7.25798 -3.43875 0.563774620001 1.144372455003 0.493269760001
165 0.00165
21.25332 -19.49023 -8.50658 0.802719680002 0.760947255002 0.291441185000
249 0.00249
-4.11218 -29.56880 -7.98970 1.156991600003 -0.213274610000 -0.415452125001
