21.915564,	 -18.862450,	 -8.266141,	 0.777249,	 0.784305,	 0.301636,
24.899162,	 -15.447469,	 -6.942790,	 0.638840,	 0.889115,	 0.347982,
27.284512,	 -11.635266,	 -5.441957,	 0.484621,	 0.972182,	 0.385822,
29.012747,	 -7.519031,	 -3.800316,	 0.318529,	 1.031503,	 0.414239,
30.041906,	 -3.199211,	 -2.057933,	 0.144879,	 1.065699,	 0.432562,
30.348305,	 1.219210,	 -0.257184,	 -0.031754,	 1.074107,	 0.440404,
29.927330,	 5.629781,	 1.558475,	 -0.206703,	 1.056841,	 0.437697,
28.793547,	 9.927844,	 3.345848,	 -0.375391,	 1.014815,	 0.424700,
26.979990,	 14.013803,	 5.063348,	 -0.533524,	 0.949717,	 0.401997,
24.536697,	 17.796211,	 6.672301,	 -0.677275,	 0.863933,	 0.370468,
21.528502,	 21.194454,	 8.138097,	 -0.803445,	 0.760420,	 0.331246,
18.032244,	 24.140858,	 9.431125,	 -0.909571,	 0.642553,	 0.285649,
14.133616,	 26.582119,	 10.527432,	 -0.993990,	 0.513943,	 0.235115,
9.923845,	 28.479998,	 11.409095,	 -1.055841,	 0.378264,	 0.181125,
5.496429,	 29.811275,	 12.064282,	 -1.095020,	 0.239084,	 0.125138,
0.944158,	 30.567110,	 12.487062,	 -1.112095,	 0.099735,	 0.068530,
-3.643483,	 30.751856,	 12.676984,	 -1.108192,	 -0.036798,	 0.012552,
-8.182403,	 30.381531,	 12.638512,	 -1.084865,	 -0.167932,	 -0.041700,
-12.595473,	 29.482086,	 12.380344,	 -1.043979,	 -0.291525,	 -0.093303,
-16.813597,	 28.087591,	 11.914703,	 -0.987581,	 -0.405869,	 -0.141508,
-20.776304,	 26.238449,	 11.256620,	 -0.917810,	 -0.509677,	 -0.185733,
-24.431969,	 23.979748,	 10.423260,	 -0.836805,	 -0.602039,	 -0.225553,
-27.737717,	 21.359747,	 9.433308,	 -0.746647,	 -0.682379,	 -0.260682,
-30.659092,	 18.428600,	 8.306432,	 -0.649314,	 -0.750407,	 -0.290950,
-33.169582,	 15.237264,	 7.062827,	 -0.546648,	 -0.806067,	 -0.316288,
-35.250042,	 11.836587,	 5.722828,	 -0.440342,	 -0.849492,	 -0.336710,
-36.888039,	 8.276614,	 4.306607,	 -0.331934,	 -0.880966,	 -0.352293,
-38.077229,	 4.606031,	 2.833933,	 -0.222805,	 -0.900881,	 -0.363163,
-38.816730,	 0.871746,	 1.323981,	 -0.114192,	 -0.909718,	 -0.369486,
-39.110516,	 -2.881411,	 -0.204800,	 -0.007189,	 -0.908012,	 -0.371454,
-38.966881,	 -6.610894,	 -1.734791,	 0.097230,	 -0.896341,	 -0.369279,
-38.397923,	 -10.276584,	 -3.249270,	 0.198210,	 -0.875307,	 -0.363187,
-37.419113,	 -13.840869,	 -4.732458,	 0.294993,	 -0.845525,	 -0.353409,
-36.048893,	 -17.268694,	 -6.169549,	 0.386912,	 -0.807619,	 -0.340185,
-34.308331,	 -20.527576,	 -7.546720,	 0.473374,	 -0.762213,	 -0.323755,
-32.220818,	 -23.587601,	 -8.851150,	 0.553857,	 -0.709928,	 -0.304361,
-29.811794,	 -26.421417,	 -10.071006,	 0.627896,	 -0.651384,	 -0.282245,
-27.108547,	 -29.004229,	 -11.195462,	 0.695078,	 -0.587198,	 -0.257649,
-24.139982,	 -31.313778,	 -12.214687,	 0.755033,	 -0.517986,	 -0.230816,
-20.936464,	 -33.330345,	 -13.119855,	 0.807436,	 -0.444362,	 -0.201988,
-17.529638,	 -35.036747,	 -13.903143,	 0.851994,	 -0.366944,	 -0.171413,
-13.952296,	 -36.418365,	 -14.557749,	 0.888452,	 -0.286355,	 -0.139338,
-10.238229,	 -37.463154,	 -15.077903,	 0.916588,	 -0.203226,	 -0.106015,
-6.422082,	 -38.161690,	 -15.458887,	 0.936215,	 -0.118199,	 -0.071704,
-2.539219,	 -38.507214,	 -15.697055,	 0.947183,	 -0.031929,	 -0.036669,
1.374441,	 -38.495705,	 -15.789862,	 0.949378,	 0.054915,	 -0.001180,
5.282586,	 -38.125923,	 -15.735897,	 0.942733,	 0.141644,	 0.034482,
9.148691,	 -37.399506,	 -15.534917,	 0.927224,	 0.227554,	 0.070030,
12.936233,	 -36.321007,	 -15.187882,	 0.902884,	 0.311922,	 0.105167,
16.608910,	 -34.898014,	 -14.696987,	 0.869805,	 0.394009,	 0.139588,
20.130911,	 -33.141163,	 -14.065696,	 0.828145,	 0.473063,	 0.172982,
23.467207,	 -31.064219,	 -13.298770,	 0.778139,	 0.548325,	 0.205031,
26.583858,	 -28.684086,	 -12.402282,	 0.720103,	 0.619030,	 0.235415,
29.448378,	 -26.020813,	 -11.383626,	 0.654440,	 0.684422,	 0.263815,
32.030102,	 -23.097549,	 -10.251513,	 0.581652,	 0.743759,	 0.289915,
34.300591,	 -19.940454,	 -9.015944,	 0.502337,	 0.796330,	 0.313407,
36.234051,	 -16.578560,	 -7.688155,	 0.417197,	 0.841465,	 0.334001,
37.807735,	 -13.043578,	 -6.280560,	 0.327034,	 0.878550,	 0.351426,
39.002380,	 -9.369623,	 -4.806642,	 0.232749,	 0.907049,	 0.365440,
39.802593,	 -5.592884,	 -3.280828,	 0.135331,	 0.926515,	 0.375834,
40.197186,	 -1.751216,	 -1.718332,	 0.035851,	 0.936610,	 0.382445,
40.179504,	 2.116327,	 -0.134974,	 -0.064560,	 0.937119,	 0.385155,
39.747646,	 5.970021,	 1.453036,	 -0.164724,	 0.927961,	 0.383903,
38.904594,	 9.770047,	 3.029326,	 -0.263444,	 0.909200,	 0.378684,
37.658276,	 13.477098,	 4.577610,	 -0.359530,	 0.881050,	 0.369557,
36.021500,	 17.052990,	 6.081944,	 -0.451820,	 0.843874,	 0.356641,
34.011745,	 20.461287,	 7.526977,	 -0.539214,	 0.798179,	 0.340116,
31.650932,	 23.667860,	 8.898195,	 -0.620698,	 0.744607,	 0.320220,
28.964966,	 26.641436,	 10.182155,	 -0.695365,	 0.683917,	 0.297242,
25.983292,	 29.354042,	 11.366670,	 -0.762439,	 0.616968,	 0.271512,
22.738327,	 31.781382,	 12.440991,	 -0.821286,	 0.544695,	 0.243398,
19.264856,	 33.903107,	 13.395926,	 -0.871426,	 0.468085,	 0.213292,
15.599380,	 35.702991,	 14.223920,	 -0.912533,	 0.388150,	 0.181601,
11.779486,	 37.169006,	 14.919113,	 -0.944440,	 0.305906,	 0.148734,
7.843210,	 38.293274,	 15.477332,	 -0.967124,	 0.222346,	 0.115100,
3.828449,	 39.071949,	 15.896065,	 -0.980700,	 0.138424,	 0.081091,
-0.227577,	 39.505039,	 16.174385,	 -0.985404,	 0.055035,	 0.047078,
-4.288806,	 39.596127,	 16.312860,	 -0.981579,	 -0.026997,	 0.013409,
-8.320738,	 39.352074,	 16.313437,	 -0.969654,	 -0.106926,	 -0.019602,
-12.290761,	 38.782665,	 16.179308,	 -0.950127,	 -0.184094,	 -0.051672,
-16.168417,	 37.900265,	 15.914778,	 -0.923551,	 -0.257928,	 -0.082553,
-19.925583,	 36.719456,	 15.525108,	 -0.890511,	 -0.327946,	 -0.112034,
-23.536592,	 35.256660,	 15.016386,	 -0.851614,	 -0.393747,	 -0.139934,
-26.978296,	 33.529823,	 14.395379,	 -0.807475,	 -0.455013,	 -0.166109,
-30.230091,	 31.558086,	 13.669406,	 -0.758707,	 -0.511497,	 -0.190442,
-33.273876,	 29.361483,	 12.846217,	 -0.705911,	 -0.563023,	 -0.212846,
-36.094002,	 26.960680,	 11.933882,	 -0.649667,	 -0.609473,	 -0.233259,
-38.677174,	 24.376741,	 10.940686,	 -0.590534,	 -0.650782,	 -0.251639,
-41.012360,	 21.630915,	 9.875053,	 -0.529041,	 -0.686933,	 -0.267968,
-43.090656,	 18.744453,	 8.745461,	 -0.465688,	 -0.717947,	 -0.282240,
-44.905174,	 15.738469,	 7.560378,	 -0.400943,	 -0.743879,	 -0.294466,
-46.450909,	 12.633799,	 6.328206,	 -0.335244,	 -0.764810,	 -0.304670,
-47.724594,	 9.450902,	 5.057239,	 -0.268995,	 -0.780846,	 -0.312884,
-48.724598,	 6.209774,	 3.755620,	 -0.202571,	 -0.792109,	 -0.319149,
-49.450779,	 2.929880,	 2.431312,	 -0.136319,	 -0.798737,	 -0.323512,
-49.904373,	 -0.369899,	 1.092073,	 -0.070557,	 -0.800878,	 -0.326027,
-50.087894,	 -3.671306,	 -0.254561,	 -0.005577,	 -0.798686,	 -0.326749,
-50.005032,	 -6.956739,	 -1.601296,	 0.058350,	 -0.792325,	 -0.325738,
-49.660534,	 -10.209270,	 -2.941083,	 0.120977,	 -0.781960,	 -0.323057,
-49.060143,	 -13.412661,	 -4.267134,	 0.182078,	 -0.767759,	 -0.318767,
-48.210514,	 -16.551367,	 -5.572920,	 0.241441,	 -0.749891,	 -0.312933,
-47.119141,	 -19.610542,	 -6.852180,	 0.298873,	 -0.728527,	 -0.305620,
-45.794285,	 -22.576046,	 -8.098921,	 0.354195,	 -0.703836,	 -0.296893,
-44.244930,	 -25.434435,	 -9.307413,	 0.407241,	 -0.675988,	 -0.286817,
-42.480724,	 -28.172962,	 -10.472202,	 0.457855,	 -0.645150,	 -0.275457,
-40.511936,	 -30.779573,	 -11.588099,	 0.505894,	 -0.611491,	 -0.262878,
-38.349419,	 -33.242905,	 -12.650180,	 0.551221,	 -0.575178,	 -0.249145,
-36.004566,	 -35.552288,	 -13.653795,	 0.593709,	 -0.536378,	 -0.234324,
-33.489300,	 -37.697739,	 -14.594563,	 0.633237,	 -0.495258,	 -0.218479,
-30.816017,	 -39.669956,	 -15.468368,	 0.669691,	 -0.451985,	 -0.201676,
-27.997580,	 -41.460350,	 -16.271368,	 0.702962,	 -0.406727,	 -0.183982,
-25.047289,	 -43.061001,	 -16.999998,	 0.732946,	 -0.359656,	 -0.165464,
-21.978865,	 -44.464714,	 -17.650969,	 0.759547,	 -0.310942,	 -0.146189,
-18.806421,	 -45.665009,	 -18.221273,	 0.782669,	 -0.260762,	 -0.126227,
-15.544455,	 -46.656128,	 -18.708199,	 0.802225,	 -0.209294,	 -0.105649,
-12.207816,	 -47.433056,	 -19.109318,	 0.818130,	 -0.156720,	 -0.084528,
-8.811695,	 -47.991543,	 -19.422518,	 0.830307,	 -0.103230,	 -0.062939,
-5.371594,	 -48.328117,	 -19.645987,	 0.838682,	 -0.049015,	 -0.040959,
-1.903307,	 -48.440121,	 -19.778250,	 0.843189,	 0.005723,	 -0.018667,
1.577110,	 -48.325737,	 -19.818157,	 0.843769,	 0.060779,	 0.003852,
5.053370,	 -47.984005,	 -19.764912,	 0.840370,	 0.115939,	 0.026512,
8.508986,	 -47.414860,	 -19.618073,	 0.832951,	 0.170981,	 0.049225,
11.927320,	 -46.619167,	 -19.377581,	 0.821478,	 0.225676,	 0.071896,
15.291615,	 -45.598736,	 -19.043766,	 0.805934,	 0.279785,	 0.094430,
18.585062,	 -44.356400,	 -18.617365,	 0.786311,	 0.333063,	 0.116724,
21.790842,	 -42.896004,	 -18.099527,	 0.762619,	 0.385254,	 0.138675,
24.892210,	 -41.222450,	 -17.491850,	 0.734884,	 0.436098,	 0.160176,
27.872555,	 -39.341743,	 -16.796370,	 0.703151,	 0.485326,	 0.181115,
30.715490,	 -37.260998,	 -16.015594,	 0.667487,	 0.532663,	 0.201378,
33.404942,	 -34.988476,	 -15.152504,	 0.627982,	 0.577830,	 0.220848,
35.925240,	 -32.533588,	 -14.210561,	 0.584750,	 0.620546,	 0.239408,
38.261242,	 -29.906919,	 -13.193720,	 0.537935,	 0.660527,	 0.256938,
40.398449,	 -27.120211,	 -12.106422,	 0.487708,	 0.697493,	 0.273319,
42.323097,	 -24.186356,	 -10.953606,	 0.434271,	 0.731168,	 0.288433,
44.022316,	 -21.119379,	 -9.740686,	 0.377856,	 0.761284,	 0.302165,
45.484264,	 -17.934383,	 -8.473555,	 0.318730,	 0.787585,	 0.314403,
46.698231,	 -14.647515,	 -7.158547,	 0.257191,	 0.809830,	 0.325040,
47.654797,	 -11.275875,	 -5.802430,	 0.193570,	 0.827797,	 0.333979,
48.345966,	 -7.837441,	 -4.412362,	 0.128227,	 0.841291,	 0.341130,
48.765266,	 -4.350953,	 -2.995853,	 0.061553,	 0.850143,	 0.346415,
48.907879,	 -0.835794,	 -1.560715,	 -0.006037,	 0.854218,	 0.349766,
48.770744,	 2.688152,	 -0.115011,	 -0.074103,	 0.853416,	 0.351134,
48.352657,	 6.200662,	 1.333014,	 -0.142191,	 0.847680,	 0.350483,
47.654289,	 9.681345,	 2.774996,	 -0.209830,	 0.836996,	 0.347796,
46.678276,	 13.109821,	 4.202529,	 -0.276545,	 0.821394,	 0.343072,
45.429218,	 16.465919,	 5.607243,	 -0.341860,	 0.800952,	 0.336333,
43.913670,	 19.729870,	 6.980881,	 -0.405306,	 0.775797,	 0.327619,
42.140091,	 22.882500,	 8.315388,	 -0.466428,	 0.746102,	 0.316988,
40.118801,	 25.905424,	 9.602981,	 -0.524790,	 0.712084,	 0.304520,
37.861862,	 28.781237,	 10.836235,	 -0.579985,	 0.674007,	 0.290310,
35.382973,	 31.493671,	 12.008152,	 -0.631638,	 0.632169,	 0.274474,
32.697304,	 34.027752,	 13.112226,	 -0.679415,	 0.586905,	 0.257139,
29.821346,	 36.369946,	 14.142505,	 -0.723022,	 0.538578,	 0.238446,
26.772717,	 38.508240,	 15.093635,	 -0.762216,	 0.487575,	 0.218548,
23.569963,	 40.432259,	 15.960906,	 -0.796798,	 0.434298,	 0.197604,
20.232368,	 42.133301,	 16.740276,	 -0.826624,	 0.379160,	 0.175780,
16.779726,	 43.604382,	 17.428392,	 -0.851598,	 0.322578,	 0.153245,
13.232143,	 44.840229,	 18.022596,	 -0.871671,	 0.264966,	 0.130165,
9.609850,	 45.837265,	 18.520922,	 -0.886846,	 0.206731,	 0.106709,
5.932993,	 46.593575,	 18.922083,	 -0.897166,	 0.148266,	 0.083037,
2.221471,	 47.108837,	 19.225451,	 -0.902716,	 0.089946,	 0.059306,
-1.505229,	 47.384247,	 19.431026,	 -0.903617,	 0.032126,	 0.035664,
-5.228176,	 47.422409,	 19.539410,	 -0.900024,	 -0.024863,	 0.012250,
-8.929118,	 47.227264,	 19.551760,	 -0.892116,	 -0.080719,	 -0.010808,
-12.590589,	 46.803955,	 19.469742,	 -0.880098,	 -0.135164,	 -0.033391,
-16.195990,	 46.158718,	 19.295492,	 -0.864191,	 -0.187951,	 -0.055392,
-19.729666,	 45.298763,	 19.031578,	 -0.844630,	 -0.238861,	 -0.076716,
-23.176949,	 44.232162,	 18.680929,	 -0.821661,	 -0.287704,	 -0.097279,
-26.524193,	 42.967716,	 18.246817,	 -0.795535,	 -0.334315,	 -0.117007,
-29.758795,	 41.514866,	 17.732786,	 -0.766507,	 -0.378557,	 -0.135837,
-32.869202,	 39.883579,	 17.142632,	 -0.734830,	 -0.420317,	 -0.153719,
-35.844902,	 38.084248,	 16.480343,	 -0.700756,	 -0.459507,	 -0.170607,
-38.676422,	 36.127594,	 15.750074,	 -0.664532,	 -0.496056,	 -0.186469,
-41.355282,	 34.024593,	 14.956104,	 -0.626397,	 -0.529918,	 -0.201278,
-43.874001,	 31.786396,	 14.102810,	 -0.586585,	 -0.561059,	 -0.215015,
-46.226017,	 29.424255,	 13.194633,	 -0.545319,	 -0.589465,	 -0.227670,
-48.405693,	 26.949457,	 12.236054,	 -0.502812,	 -0.615133,	 -0.239234,
-50.408260,	 24.373285,	 11.231571,	 -0.459270,	 -0.638073,	 -0.249708,
-52.229763,	 21.706959,	 10.185678,	 -0.414885,	 -0.658307,	 -0.259096,
-53.867031,	 18.961594,	 9.102846,	 -0.369841,	 -0.675865,	 -0.267404,
-55.317631,	 16.148170,	 7.987507,	 -0.324311,	 -0.690784,	 -0.274645,
-56.579830,	 13.277502,	 6.844043,	 -0.278457,	 -0.703109,	 -0.280832,
-57.652561,	 10.360209,	 5.676776,	 -0.232432,	 -0.712890,	 -0.285982,
-58.535343,	 7.406695,	 4.489952,	 -0.186380,	 -0.720181,	 -0.290113,
-59.228294,	 4.427142,	 3.287741,	 -0.140435,	 -0.725039,	 -0.293246,
-59.732067,	 1.431481,	 2.074223,	 -0.094722,	 -0.727525,	 -0.295403,
-60.047810,	 -1.570605,	 0.853391,	 -0.049359,	 -0.727703,	 -0.296606,
-60.177158,	 -4.569697,	 -0.370861,	 -0.004456,	 -0.725636,	 -0.296879,
-60.122173,	 -7.556645,	 -1.594735,	 0.039884,	 -0.721389,	 -0.296245,
-59.885342,	 -10.522568,	 -2.814535,	 0.083566,	 -0.715029,	 -0.294731,
-59.469536,	 -13.458856,	 -4.026665,	 0.126497,	 -0.706622,	 -0.292360,
-58.877987,	 -16.357174,	 -5.227635,	 0.168595,	 -0.696235,	 -0.289157,
-58.114262,	 -19.209467,	 -6.414057,	 0.209780,	 -0.683933,	 -0.285149,
-57.182259,	 -22.007944,	 -7.582645,	 0.249975,	 -0.669783,	 -0.280359,
-56.086174,	 -24.745089,	 -8.730221,	 0.289111,	 -0.653851,	 -0.274813,
-54.830490,	 -27.413658,	 -9.853706,	 0.327121,	 -0.636201,	 -0.268537,
-53.419956,	 -30.006670,	 -10.950127,	 0.363941,	 -0.616899,	 -0.261554,
-51.859589,	 -32.517418,	 -12.016611,	 0.399510,	 -0.596008,	 -0.253890,
-50.154644,	 -34.939453,	 -13.050390,	 0.433770,	 -0.573592,	 -0.245569,
-48.310600,	 -37.266594,	 -14.048795,	 0.466666,	 -0.549714,	 -0.236616,
-46.333183,	 -39.492916,	 -15.009257,	 0.498145,	 -0.524439,	 -0.227056,
