-2.677511,	 -29.833260,	 -8.504861,	 1.163812,	 -0.164232,	 -0.402201,
4.562999,	 -30.262253,	 -10.822077,	 1.162690,	 0.068527,	 -0.329208,
11.668680,	 -29.316431,	 -12.669497,	 1.112869,	 0.271869,	 -0.250713,
18.373362,	 -27.196100,	 -14.029385,	 1.028703,	 0.439918,	 -0.172878,
24.497150,	 -24.123016,	 -14.916715,	 0.923025,	 0.572356,	 -0.099673,
29.933010,	 -20.311897,	 -15.366233,	 0.805858,	 0.672063,	 -0.033219,
34.628784,	 -15.955463,	 -15.422370,	 0.684356,	 0.743290,	 0.025652,
38.570450,	 -11.219092,	 -15.132518,	 0.563288,	 0.790529,	 0.076904,
41.768864,	 -6.240959,	 -14.543079,	 0.445648,	 0.817935,	 0.120932,
44.250134,	 -1.134808,	 -13.697434,	 0.333195,	 0.829103,	 0.158327,
46.049072,	 4.006392,	 -12.635098,	 0.226867,	 0.827023,	 0.189740,
47.204887,	 9.106799,	 -11.391566,	 0.127079,	 0.814130,	 0.215806,
47.758465,	 14.104441,	 -9.998514,	 0.033920,	 0.792380,	 0.237108,
47.750736,	 18.948446,	 -8.484161,	 -0.052709,	 0.763334,	 0.254163,
47.221718,	 23.596798,	 -6.873691,	 -0.133010,	 0.728231,	 0.267420,
46.210030,	 28.014500,	 -5.189671,	 -0.207236,	 0.688056,	 0.277262,
44.752686,	 32.172134,	 -3.452447,	 -0.275649,	 0.643590,	 0.284011,
42.885086,	 36.044704,	 -1.680496,	 -0.338503,	 0.595453,	 0.287939,
40.641106,	 39.610722,	 0.109261,	 -0.396031,	 0.544137,	 0.289268,
38.053253,	 42.851490,	 1.901185,	 -0.448434,	 0.490033,	 0.288181,
35.152878,	 45.750530,	 3.680683,	 -0.495878,	 0.433452,	 0.284826,
31.970388,	 48.293140,	 5.433992,	 -0.538490,	 0.374645,	 0.279319,
28.535507,	 50.466042,	 7.148003,	 -0.576356,	 0.313813,	 0.271749,
24.877525,	 52.257092,	 8.810095,	 -0.609520,	 0.251119,	 0.262180,
21.025570,	 53.655094,	 10.407993,	 -0.637984,	 0.186701,	 0.250656,
17.008879,	 54.649677,	 11.929642,	 -0.661701,	 0.120681,	 0.237199,
12.857087,	 55.231178,	 13.363087,	 -0.680577,	 0.053168,	 0.221818,
8.600539,	 55.390617,	 14.696376,	 -0.694469,	 -0.015726,	 0.204502,
4.270607,	 55.119724,	 15.917467,	 -0.703177,	 -0.085882,	 0.185229,
-0.099961,	 54.411007,	 17.014149,	 -0.706443,	 -0.157159,	 0.163965,
-4.476676,	 53.257915,	 17.973978,	 -0.703951,	 -0.229389,	 0.140668,
-8.822904,	 51.655052,	 18.784220,	 -0.695313,	 -0.302354,	 0.115287,
-13.099457,	 49.598515,	 19.431841,	 -0.680076,	 -0.375776,	 0.087775,
-17.264137,	 47.086334,	 19.903500,	 -0.657710,	 -0.449288,	 0.058084,
-21.271299,	 44.119064,	 20.185608,	 -0.627616,	 -0.522415,	 0.026183,
-25.071398,	 40.700558,	 20.264429,	 -0.589124,	 -0.594533,	 -0.007934,
-28.610601,	 36.838970,	 20.126276,	 -0.541513,	 -0.664834,	 -0.044235,
-31.830502,	 32.548019,	 19.757816,	 -0.484027,	 -0.732279,	 -0.082622,
-34.668015,	 27.848534,	 19.146532,	 -0.415925,	 -0.795547,	 -0.122906,
-37.055630,	 22.770344,	 18.281376,	 -0.336549,	 -0.852981,	 -0.164769,
-38.922150,	 17.354462,	 17.153681,	 -0.245427,	 -0.902550,	 -0.207718,
-40.194206,	 11.655480,	 15.758362,	 -0.142425,	 -0.941827,	 -0.251038,
-40.798805,	 5.743961,	 14.095435,	 -0.027941,	 -0.968024,	 -0.293737,
-40.667221,	 -0.291563,	 12.171812,	 0.096854,	 -0.978112,	 -0.334516,
-39.740402,	 -6.343602,	 10.003236,	 0.229770,	 -0.969054,	 -0.371768,
-37.975769,	 -12.286561,	 7.616075,	 0.367416,	 -0.938195,	 -0.403642,
-35.354916,	 -17.980330,	 5.048513,	 0.505155,	 -0.883776,	 -0.428189,
-31.890875,	 -23.277225,	 2.350577,	 0.637338,	 -0.805492,	 -0.443612,
-27.633226,	 -28.032236,	 -0.417520,	 0.757846,	 -0.704941,	 -0.448564,
-22.669052,	 -32.115330,	 -3.188928,	 0.860911,	 -0.585750,	 -0.442437,
-17.118570,	 -35.423485,	 -5.895242,	 0.941995,	 -0.453263,	 -0.425533,
-11.125617,	 -37.889709,	 -8.472175,	 0.998476,	 -0.313811,	 -0.399035,
-4.844913,	 -39.486858,	 -10.864603,	 1.029903,	 -0.173784,	 -0.364803,
1.571062,	 -40.225826,	 -13.029943,	 1.037771,	 -0.038783,	 -0.325036,
7.982907,	 -40.149113,	 -14.939428,	 1.024981,	 0.086915,	 -0.281944,
14.271352,	 -39.322018,	 -16.577480,	 0.995170,	 0.200532,	 -0.237490,
20.340315,	 -37.823544,	 -17.939781,	 0.952131,	 0.300664,	 -0.193256,
26.116755,	 -35.738529,	 -19.030790,	 0.899401,	 0.387000,	 -0.150407,
31.548437,	 -33.151695,	 -19.861200,	 0.840038,	 0.459987,	 -0.109724,
36.600716,	 -30.143705,	 -20.445745,	 0.776542,	 0.520542,	 -0.071676,
41.253075,	 -26.788857,	 -20.801428,	 0.710869,	 0.569816,	 -0.036492,
45.495907,	 -23.154043,	 -20.946234,	 0.644499,	 0.609041,	 -0.004235,
49.327747,	 -19.298542,	 -20.898222,	 0.578512,	 0.639425,	 0.025147,
52.753010,	 -15.274321,	 -20.674946,	 0.513677,	 0.662095,	 0.051774,
55.780239,	 -11.126624,	 -20.293106,	 0.450517,	 0.678071,	 0.075806,
58.420753,	 -6.894665,	 -19.768353,	 0.389376,	 0.688253,	 0.097420,
60.687641,	 -2.612363,	 -19.115221,	 0.330462,	 0.693426,	 0.116800,
62.595028,	 1.690967,	 -18.347120,	 0.273887,	 0.694270,	 0.134123,
64.157532,	 5.989968,	 -17.476377,	 0.219691,	 0.691366,	 0.149559,
65.389923,	 10.262679,	 -16.514297,	 0.167869,	 0.685212,	 0.163265,
66.306839,	 14.490031,	 -15.471247,	 0.118381,	 0.676231,	 0.175384,
66.922607,	 18.655418,	 -14.356730,	 0.071169,	 0.664783,	 0.186047,
67.251167,	 22.744329,	 -13.179477,	 0.026158,	 0.651174,	 0.195372,
67.305939,	 26.744030,	 -11.947517,	 -0.016732,	 0.635664,	 0.203463,
67.099907,	 30.643295,	 -10.668260,	 -0.057584,	 0.618472,	 0.210416,
66.645462,	 34.432182,	 -9.348553,	 -0.096482,	 0.599787,	 0.216313,
65.954544,	 38.101837,	 -7.994754,	 -0.133507,	 0.579767,	 0.221228,
65.038559,	 41.644333,	 -6.612783,	 -0.168736,	 0.558547,	 0.225227,
63.908455,	 45.052513,	 -5.208172,	 -0.202243,	 0.536241,	 0.228368,
62.574745,	 48.319904,	 -3.786114,	 -0.234096,	 0.512945,	 0.230702,
61.047523,	 51.440575,	 -2.351501,	 -0.264358,	 0.488742,	 0.232272,
59.336514,	 54.409073,	 -0.908967,	 -0.293085,	 0.463700,	 0.233118,
57.451099,	 57.220352,	 0.537082,	 -0.320330,	 0.437877,	 0.233273,
55.400349,	 59.869686,	 1.982437,	 -0.346137,	 0.411322,	 0.232765,
53.193081,	 62.352642,	 3.423054,	 -0.370547,	 0.384073,	 0.231621,
50.837864,	 64.665009,	 4.855035,	 -0.393594,	 0.356166,	 0.229859,
48.343079,	 66.802757,	 6.274598,	 -0.415306,	 0.327625,	 0.227497,
45.716946,	 68.762039,	 7.678058,	 -0.435706,	 0.298473,	 0.224549,
42.967556,	 70.539085,	 9.061806,	 -0.454810,	 0.268726,	 0.221025,
40.102898,	 72.130264,	 10.422290,	 -0.472631,	 0.238399,	 0.216932,
37.130924,	 73.531990,	 11.755998,	 -0.489173,	 0.207499,	 0.212275,
34.059566,	 74.740730,	 13.059436,	 -0.504436,	 0.176034,	 0.207055,
30.896765,	 75.752998,	 14.329121,	 -0.518412,	 0.144008,	 0.201273,
27.650528,	 76.565323,	 15.561551,	 -0.531088,	 0.111423,	 0.194925,
24.328960,	 77.174240,	 16.753204,	 -0.542445,	 0.078281,	 0.188004,
20.940302,	 77.576286,	 17.900518,	 -0.552454,	 0.044581,	 0.180503,
17.492990,	 77.768005,	 18.999865,	 -0.561083,	 0.010323,	 0.172411,
13.995695,	 77.745934,	 20.047554,	 -0.568287,	 -0.024495,	 0.163716,
10.457361,	 77.506607,	 21.039801,	 -0.574016,	 -0.059871,	 0.154401,
6.887284,	 77.046562,	 21.972725,	 -0.578210,	 -0.095805,	 0.144449,
3.295152,	 76.362350,	 22.842329,	 -0.580797,	 -0.132293,	 0.133840,
-0.308878,	 75.450562,	 23.644480,	 -0.581696,	 -0.169328,	 0.122551,
-3.914119,	 74.307816,	 24.374905,	 -0.580815,	 -0.206899,	 0.110557,
-7.509270,	 72.930824,	 25.029171,	 -0.578046,	 -0.244990,	 0.097833,
-11.082337,	 71.316437,	 25.602676,	 -0.573269,	 -0.283576,	 0.084348,
-14.620543,	 69.461647,	 26.090628,	 -0.566348,	 -0.322624,	 0.070072,
-18.110220,	 67.363693,	 26.488045,	 -0.557130,	 -0.362090,	 0.054973,
-21.536707,	 65.020142,	 26.789745,	 -0.545442,	 -0.401913,	 0.039019,
-24.884235,	 62.428940,	 26.990339,	 -0.531095,	 -0.442015,	 0.022175,
-28.135803,	 59.588615,	 27.084232,	 -0.513876,	 -0.482293,	 0.004410,
-31.273033,	 56.498371,	 27.065638,	 -0.493552,	 -0.522619,	 -0.014306,
-34.276043,	 53.158306,	 26.928593,	 -0.469865,	 -0.562828,	 -0.033999,
-37.123318,	 49.569641,	 26.666988,	 -0.442538,	 -0.602711,	 -0.054689,
-39.791546,	 45.735012,	 26.274616,	 -0.411272,	 -0.642009,	 -0.076383,
-42.255527,	 41.658802,	 25.745251,	 -0.375750,	 -0.680401,	 -0.099078,
-44.488071,	 37.347584,	 25.072737,	 -0.335644,	 -0.717487,	 -0.122748,
-46.459938,	 32.810608,	 24.251150,	 -0.290627,	 -0.752783,	 -0.147340,
-48.139881,	 28.060373,	 23.274973,	 -0.240382,	 -0.785701,	 -0.172766,
-49.494774,	 23.113319,	 22.139341,	 -0.184628,	 -0.815534,	 -0.198890,
-50.489880,	 17.990568,	 20.840376,	 -0.123148,	 -0.841450,	 -0.225518,
-51.089344,	 12.718732,	 19.375572,	 -0.055828,	 -0.862483,	 -0.252384,
-51.256973,	 7.330746,	 17.744299,	 0.017292,	 -0.877537,	 -0.279131,
-50.957321,	 1.866630,	 15.948357,	 0.095957,	 -0.885404,	 -0.305307,
-50.157177,	 -3.625912,	 13.992624,	 0.179629,	 -0.884808,	 -0.330352,
-48.827511,	 -9.091227,	 11.885717,	 0.267421,	 -0.874474,	 -0.353599,
-46.945789,	 -14.465957,	 9.640618,	 0.358038,	 -0.853233,	 -0.374293,
-44.498547,	 -19.680021,	 7.275145,	 0.449754,	 -0.820158,	 -0.391625,
-41.484074,	 -24.658491,	 4.812167,	 0.540440,	 -0.774716,	 -0.404787,
-37.914703,	 -29.324434,	 2.279416,	 0.627651,	 -0.716927,	 -0.413046,
-33.818371,	 -33.602642,	 -0.291206,	 0.708800,	 -0.647473,	 -0.415836,
-29.238966,	 -37.423889,	 -2.864857,	 0.781386,	 -0.567743,	 -0.412836,
-24.235197,	 -40.729214,	 -5.405430,	 0.843240,	 -0.479768,	 -0.404027,
-18.877886,	 -43.473545,	 -7.877501,	 0.892762,	 -0.386059,	 -0.389709,
-13.246083,	 -45.628105,	 -10.248250,	 0.929059,	 -0.289368,	 -0.370473,
-7.422496,	 -47.181244,	 -12.489099,	 0.951991,	 -0.192421,	 -0.347127,
-1.488943,	 -48.137650,	 -14.576840,	 0.962103,	 -0.097678,	 -0.320603,
4.477561,	 -48.516262,	 -16.494167,	 0.960480,	 -0.007170,	 -0.291862,
10.407693,	 -48.347382,	 -18.229628,	 0.948559,	 0.077583,	 -0.261812,
16.241550,	 -47.669411,	 -19.777149,	 0.927950,	 0.155580,	 -0.231251,
21.929331,	 -46.525780,	 -21.135267,	 0.900281,	 0.226283,	 -0.200839,
27.431141,	 -44.962280,	 -22.306253,	 0.867091,	 0.289531,	 -0.171088,
32.716263,	 -43.024944,	 -23.295206,	 0.829759,	 0.345450,	 -0.142377,
37.762066,	 -40.758480,	 -24.109261,	 0.789477,	 0.394363,	 -0.114962,
42.552822,	 -38.205261,	 -24.756899,	 0.747238,	 0.436718,	 -0.089004,
47.078499,	 -35.404694,	 -25.247396,	 0.703853,	 0.473029,	 -0.064587,
51.333652,	 -32.392914,	 -25.590393,	 0.659965,	 0.503835,	 -0.041738,
55.316490,	 -29.202738,	 -25.795589,	 0.616078,	 0.529667,	 -0.020441,
59.028011,	 -25.863714,	 -25.872513,	 0.572574,	 0.551035,	 -0.000653,
62.471348,	 -22.402327,	 -25.830372,	 0.529739,	 0.568415,	 0.017689,
65.651199,	 -18.842205,	 -25.677961,	 0.487783,	 0.582241,	 0.034656,
68.573410,	 -15.204385,	 -25.423607,	 0.446852,	 0.592907,	 0.050328,
71.244598,	 -11.507562,	 -25.075142,	 0.407044,	 0.600766,	 0.064784,
73.671890,	 -7.768342,	 -24.639900,	 0.368421,	 0.606132,	 0.078106,
75.862717,	 -4.001475,	 -24.124723,	 0.331015,	 0.609284,	 0.090369,
77.824692,	 -0.220062,	 -23.535994,	 0.294838,	 0.610467,	 0.101647,
79.565407,	 3.564244,	 -22.879644,	 0.259885,	 0.609899,	 0.112010,
81.092415,	 7.341067,	 -22.161192,	 0.226139,	 0.607770,	 0.121521,
82.413147,	 11.101155,	 -21.385761,	 0.193577,	 0.604247,	 0.130240,
83.534866,	 14.836244,	 -20.558125,	 0.162167,	 0.599478,	 0.138223,
84.464630,	 18.538935,	 -19.682718,	 0.131874,	 0.593592,	 0.145520,
85.209274,	 22.202589,	 -18.763676,	 0.102662,	 0.586702,	 0.152178,
85.775421,	 25.821241,	 -17.804852,	 0.074494,	 0.578909,	 0.158239,
86.169426,	 29.389505,	 -16.809853,	 0.047330,	 0.570299,	 0.163743,
86.397423,	 32.902519,	 -15.782043,	 0.021132,	 0.560950,	 0.168724,
86.465324,	 36.355873,	 -14.724578,	 -0.004136,	 0.550929,	 0.173216,
86.378799,	 39.745552,	 -13.640423,	 -0.028511,	 0.540296,	 0.177247,
86.143303,	 43.067898,	 -12.532363,	 -0.052027,	 0.529104,	 0.180844,
85.764061,	 46.319561,	 -11.403024,	 -0.074718,	 0.517399,	 0.184033,
85.246117,	 49.497456,	 -10.254885,	 -0.096616,	 0.505220,	 0.186834,
84.594315,	 52.598740,	 -9.090295,	 -0.117750,	 0.492605,	 0.189269,
83.813316,	 55.620789,	 -7.911481,	 -0.138149,	 0.479583,	 0.191356,
82.907616,	 58.561153,	 -6.720561,	 -0.157841,	 0.466183,	 0.193111,
81.881531,	 61.417549,	 -5.519553,	 -0.176848,	 0.452428,	 0.194549,
80.739243,	 64.187828,	 -4.310385,	 -0.195197,	 0.438340,	 0.195684,
79.484795,	 66.869972,	 -3.094906,	 -0.212907,	 0.423937,	 0.196529,
78.122078,	 69.462059,	 -1.874890,	 -0.229999,	 0.409235,	 0.197094,
76.654884,	 71.962280,	 -0.652045,	 -0.246493,	 0.394247,	 0.197389,
75.086884,	 74.368904,	 0.571978,	 -0.262405,	 0.378985,	 0.197423,
73.421631,	 76.680237,	 1.795584,	 -0.277751,	 0.363460,	 0.197205,
71.662613,	 78.894676,	 3.017221,	 -0.292546,	 0.347680,	 0.196740,
69.813202,	 81.010658,	 4.235381,	 -0.306802,	 0.331651,	 0.196036,
67.876732,	 83.026665,	 5.448591,	 -0.320532,	 0.315381,	 0.195097,
65.856407,	 84.941200,	 6.655410,	 -0.333746,	 0.298873,	 0.193929,
63.755424,	 86.752808,	 7.854423,	 -0.346453,	 0.282131,	 0.192535,
61.576893,	 88.460045,	 9.044238,	 -0.358661,	 0.265157,	 0.190918,
59.323898,	 90.061478,	 10.223479,	 -0.370376,	 0.247954,	 0.189080,
56.999474,	 91.555672,	 11.390788,	 -0.381605,	 0.230521,	 0.187025,
54.606636,	 92.941216,	 12.544814,	 -0.392351,	 0.212860,	 0.184752,
52.148365,	 94.216690,	 13.684212,	 -0.402617,	 0.194969,	 0.182263,
49.627628,	 95.380676,	 14.807643,	 -0.412404,	 0.176848,	 0.179558,
47.047394,	 96.431725,	 15.913766,	 -0.421714,	 0.158494,	 0.176637,
44.410622,	 97.368408,	 17.001236,	 -0.430546,	 0.139905,	 0.173497,
41.720287,	 98.189247,	 18.068699,	 -0.438896,	 0.121078,	 0.170139,
38.979382,	 98.892769,	 19.114790,	 -0.446763,	 0.102010,	 0.166559,
36.190918,	 99.477463,	 20.138134,	 -0.454139,	 0.082698,	 0.162755,
33.357944,	 99.941803,	 21.137329,	 -0.461020,	 0.063136,	 0.158724,
30.483557,	 100.284233,	 22.110962,	 -0.467396,	 0.043322,	 0.154461,
27.570902,	 100.503174,	 23.057587,	 -0.473259,	 0.023249,	 0.149964,
24.623196,	 100.597023,	 23.975733,	 -0.478597,	 0.002913,	 0.145226,
21.643726,	 100.564110,	 24.863894,	 -0.483396,	 -0.017691,	 0.140241,
18.635864,	 100.402794,	 25.720530,	 -0.487641,	 -0.038569,	 0.135005,
