-3.743992,	 7.568259,	 3.287091,	 -1.963508,	 -0.814936,	 -0.252102,
-4.036231,	 7.441536,	 3.247325,	 -1.932572,	 -0.874625,	 -0.278087,
-4.323661,	 7.305947,	 3.203691,	 -1.899402,	 -0.933145,	 -0.303686,
-4.605952,	 7.161673,	 3.156249,	 -1.864053,	 -0.990423,	 -0.328865,
-4.882782,	 7.008904,	 3.105061,	 -1.826583,	 -1.046386,	 -0.353592,
-5.153837,	 6.847843,	 3.050202,	 -1.787055,	 -1.100964,	 -0.377836,
-5.418812,	 6.678704,	 2.991744,	 -1.745533,	 -1.154092,	 -0.401566,
-5.677413,	 6.501709,	 2.929766,	 -1.702085,	 -1.205706,	 -0.424755,
-5.929358,	 6.317085,	 2.864352,	 -1.656779,	 -1.255747,	 -0.447373,
-6.174373,	 6.125080,	 2.795591,	 -1.609690,	 -1.304158,	 -0.469395,
-6.412194,	 5.925936,	 2.723572,	 -1.560890,	 -1.350885,	 -0.490795,
-6.642573,	 5.719914,	 2.648391,	 -1.510456,	 -1.395880,	 -0.511550,
-6.865270,	 5.507276,	 2.570145,	 -1.458466,	 -1.439096,	 -0.531637,
-7.080056,	 5.288291,	 2.488940,	 -1.404999,	 -1.480491,	 -0.551036,
-7.286717,	 5.063235,	 2.404875,	 -1.350136,	 -1.520025,	 -0.569726,
-7.485048,	 4.832390,	 2.318063,	 -1.293957,	 -1.557663,	 -0.587689,
-7.674860,	 4.596044,	 2.228611,	 -1.236545,	 -1.593373,	 -0.604909,
-7.855974,	 4.354485,	 2.136633,	 -1.177983,	 -1.627126,	 -0.621371,
-8.028220,	 4.108014,	 2.042244,	 -1.118354,	 -1.658898,	 -0.637060,
-8.191449,	 3.856925,	 1.945559,	 -1.057741,	 -1.688666,	 -0.651963,
-8.345520,	 3.601522,	 1.846698,	 -0.996229,	 -1.716413,	 -0.666071,
-8.490296,	 3.342111,	 1.745782,	 -0.933900,	 -1.742122,	 -0.679372,
-8.625669,	 3.078995,	 1.642931,	 -0.870837,	 -1.765784,	 -0.691859,
-8.751537,	 2.812485,	 1.538269,	 -0.807123,	 -1.787388,	 -0.703524,
-8.867802,	 2.542888,	 1.431919,	 -0.742841,	 -1.806930,	 -0.714362,
-8.974385,	 2.270514,	 1.324005,	 -0.678070,	 -1.824407,	 -0.724368,
-9.071220,	 1.995673,	 1.214653,	 -0.612892,	 -1.839819,	 -0.733538,
-9.158255,	 1.718675,	 1.103988,	 -0.547385,	 -1.853169,	 -0.741871,
-9.235444,	 1.439829,	 0.992136,	 -0.481629,	 -1.864463,	 -0.749366,
-9.302753,	 1.159442,	 0.879223,	 -0.415699,	 -1.873710,	 -0.756023,
-9.360166,	 0.877820,	 0.765373,	 -0.349672,	 -1.880921,	 -0.761842,
-9.407674,	 0.595268,	 0.650713,	 -0.283622,	 -1.886108,	 -0.766827,
-9.445276,	 0.312089,	 0.535368,	 -0.217622,	 -1.889287,	 -0.770981,
-9.472985,	 0.028582,	 0.419462,	 -0.151742,	 -1.890477,	 -0.774307,
-9.490827,	 -0.254955,	 0.303118,	 -0.086053,	 -1.889695,	 -0.776811,
-9.498837,	 -0.538229,	 0.186460,	 -0.020622,	 -1.886965,	 -0.778499,
-9.497050,	 -0.820950,	 0.069609,	 0.044484,	 -1.882310,	 -0.779378,
-9.485529,	 -1.102829,	 -0.047314,	 0.109201,	 -1.875754,	 -0.779455,
-9.464334,	 -1.383584,	 -0.164188,	 0.173467,	 -1.867324,	 -0.778739,
-9.433532,	 -1.662937,	 -0.280896,	 0.237219,	 -1.857049,	 -0.777238,
-9.393214,	 -1.940612,	 -0.397322,	 0.300400,	 -1.844959,	 -0.774964,
-9.343461,	 -2.216340,	 -0.513348,	 0.362952,	 -1.831084,	 -0.771924,
-9.284380,	 -2.489855,	 -0.628862,	 0.424820,	 -1.815456,	 -0.768132,
-9.216069,	 -2.760896,	 -0.743752,	 0.485950,	 -1.798109,	 -0.763598,
-9.138649,	 -3.029209,	 -0.857907,	 0.546290,	 -1.779077,	 -0.758334,
-9.052242,	 -3.294542,	 -0.971218,	 0.605790,	 -1.758396,	 -0.752352,
-8.956975,	 -3.556653,	 -1.083580,	 0.664403,	 -1.736101,	 -0.745665,
-8.852986,	 -3.815300,	 -1.194885,	 0.722081,	 -1.712229,	 -0.738288,
-8.740420,	 -4.070251,	 -1.305034,	 0.778782,	 -1.686818,	 -0.730232,
-8.619426,	 -4.321278,	 -1.413924,	 0.834460,	 -1.659906,	 -0.721513,
-8.490153,	 -4.568159,	 -1.521458,	 0.889077,	 -1.631533,	 -0.712143,
-8.352774,	 -4.810674,	 -1.627539,	 0.942592,	 -1.601736,	 -0.702139,
-8.207445,	 -5.048617,	 -1.732072,	 0.994967,	 -1.570557,	 -0.691515,
-8.054351,	 -5.281784,	 -1.834966,	 1.046168,	 -1.538034,	 -0.680285,
-7.893673,	 -5.509973,	 -1.936132,	 1.096158,	 -1.504209,	 -0.668466,
-7.725585,	 -5.732993,	 -2.035482,	 1.144906,	 -1.469123,	 -0.656071,
-7.550279,	 -5.950660,	 -2.132930,	 1.192380,	 -1.432816,	 -0.643118,
-7.367950,	 -6.162788,	 -2.228393,	 1.238550,	 -1.395329,	 -0.629622,
-7.178795,	 -6.369211,	 -2.321794,	 1.283388,	 -1.356704,	 -0.615598,
-6.983016,	 -6.569757,	 -2.413052,	 1.326868,	 -1.316982,	 -0.601062,
-6.780818,	 -6.764264,	 -2.502092,	 1.368963,	 -1.276205,	 -0.586031,
-6.572411,	 -6.952579,	 -2.588842,	 1.409649,	 -1.234414,	 -0.570521,
-6.358008,	 -7.134553,	 -2.673230,	 1.448904,	 -1.191651,	 -0.554547,
-6.137824,	 -7.310042,	 -2.755189,	 1.486706,	 -1.147957,	 -0.538127,
-5.912082,	 -7.478909,	 -2.834652,	 1.523034,	 -1.103374,	 -0.521276,
-5.681000,	 -7.641025,	 -2.911556,	 1.557870,	 -1.057944,	 -0.504010,
-5.444806,	 -7.796267,	 -2.985841,	 1.591196,	 -1.011707,	 -0.486347,
-5.203728,	 -7.944514,	 -3.057446,	 1.622995,	 -0.964705,	 -0.468302,
-4.957994,	 -8.085660,	 -3.126318,	 1.653251,	 -0.916981,	 -0.449892,
-4.707839,	 -8.219589,	 -3.192403,	 1.681949,	 -0.868573,	 -0.431133,
-4.453496,	 -8.346210,	 -3.255647,	 1.709077,	 -0.819525,	 -0.412041,
-4.195203,	 -8.465432,	 -3.316004,	 1.734621,	 -0.769875,	 -0.392634,
-3.933196,	 -8.577164,	 -3.373427,	 1.758570,	 -0.719667,	 -0.372926,
-3.667718,	 -8.681323,	 -3.427873,	 1.780913,	 -0.668939,	 -0.352935,
-3.399009,	 -8.777834,	 -3.479300,	 1.801642,	 -0.617733,	 -0.332677,
-3.127312,	 -8.866632,	 -3.527670,	 1.820746,	 -0.566088,	 -0.312168,
-2.852872,	 -8.947655,	 -3.572946,	 1.838218,	 -0.514046,	 -0.291425,
-2.575933,	 -9.020844,	 -3.615092,	 1.854052,	 -0.461646,	 -0.270463,
-2.296743,	 -9.086148,	 -3.654080,	 1.868240,	 -0.408929,	 -0.249299,
-2.015548,	 -9.143526,	 -3.689878,	 1.880778,	 -0.355933,	 -0.227950,
-1.732596,	 -9.192934,	 -3.722463,	 1.891662,	 -0.302699,	 -0.206431,
-1.448136,	 -9.234344,	 -3.751807,	 1.900887,	 -0.249267,	 -0.184758,
-1.162416,	 -9.267724,	 -3.777889,	 1.908450,	 -0.195676,	 -0.162948,
-0.875686,	 -9.293056,	 -3.800692,	 1.914350,	 -0.141964,	 -0.141017,
-0.588196,	 -9.310324,	 -3.820195,	 1.918584,	 -0.088173,	 -0.118982,
-0.300195,	 -9.319520,	 -3.836387,	 1.921153,	 -0.034339,	 -0.096857,
-0.011933,	 -9.320642,	 -3.849255,	 1.922056,	 0.019496,	 -0.074660,
0.276339,	 -9.313688,	 -3.858789,	 1.921295,	 0.073295,	 -0.052406,
0.564372,	 -9.298672,	 -3.864981,	 1.918870,	 0.127019,	 -0.030112,
0.851918,	 -9.275605,	 -3.867828,	 1.914784,	 0.180628,	 -0.007794,
1.138726,	 -9.244509,	 -3.867326,	 1.909040,	 0.234083,	 0.014533,
1.424549,	 -9.205406,	 -3.863476,	 1.901641,	 0.287348,	 0.036851,
1.709139,	 -9.158327,	 -3.856279,	 1.892593,	 0.340381,	 0.059145,
1.992247,	 -9.103318,	 -3.845741,	 1.881900,	 0.393146,	 0.081399,
2.273630,	 -9.040415,	 -3.831868,	 1.869568,	 0.445603,	 0.103597,
2.553040,	 -8.969673,	 -3.814672,	 1.855604,	 0.497714,	 0.125721,
2.830234,	 -8.891137,	 -3.794163,	 1.840015,	 0.549440,	 0.147757,
3.104968,	 -8.804873,	 -3.770356,	 1.822810,	 0.600742,	 0.169687,
3.377001,	 -8.710951,	 -3.743269,	 1.803997,	 0.651584,	 0.191496,
3.646093,	 -8.609440,	 -3.712920,	 1.783586,	 0.701925,	 0.213167,
3.912005,	 -8.500418,	 -3.679333,	 1.761588,	 0.751727,	 0.234684,
4.174498,	 -8.383964,	 -3.642530,	 1.738014,	 0.800952,	 0.256030,
4.433338,	 -8.260176,	 -3.602540,	 1.712877,	 0.849562,	 0.277190,
4.688292,	 -8.129146,	 -3.559390,	 1.686188,	 0.897517,	 0.298146,
4.939126,	 -7.990970,	 -3.513113,	 1.657963,	 0.944780,	 0.318882,
5.185613,	 -7.845760,	 -3.463744,	 1.628215,	 0.991313,	 0.339381,
5.427524,	 -7.693628,	 -3.411318,	 1.596962,	 1.037076,	 0.359628,
5.664636,	 -7.534691,	 -3.355874,	 1.564218,	 1.082031,	 0.379605,
5.896726,	 -7.369074,	 -3.297456,	 1.530003,	 1.126140,	 0.399296,
6.123573,	 -7.196907,	 -3.236106,	 1.494335,	 1.169364,	 0.418684,
6.344965,	 -7.018324,	 -3.171872,	 1.457232,	 1.211666,	 0.437753,
6.560686,	 -6.833467,	 -3.104803,	 1.418717,	 1.253007,	 0.456486,
6.770523,	 -6.642483,	 -3.034950,	 1.378811,	 1.293348,	 0.474866,
6.974273,	 -6.445525,	 -2.962367,	 1.337536,	 1.332652,	 0.492876,
7.171729,	 -6.242753,	 -2.887111,	 1.294917,	 1.370881,	 0.510500,
7.362694,	 -6.034327,	 -2.809242,	 1.250979,	 1.407997,	 0.527721,
7.546971,	 -5.820421,	 -2.728821,	 1.205748,	 1.443962,	 0.544522,
7.724367,	 -5.601207,	 -2.645912,	 1.159251,	 1.478739,	 0.560887,
7.894696,	 -5.376870,	 -2.560582,	 1.111519,	 1.512290,	 0.576799,
8.057775,	 -5.147593,	 -2.472901,	 1.062580,	 1.544578,	 0.592241,
8.213430,	 -4.913570,	 -2.382939,	 1.012467,	 1.575566,	 0.607197,
8.361479,	 -4.674998,	 -2.290771,	 0.961212,	 1.605218,	 0.621650,
8.501751,	 -4.432083,	 -2.196474,	 0.908850,	 1.633498,	 0.635584,
8.634090,	 -4.185029,	 -2.100127,	 0.855416,	 1.660370,	 0.648983,
8.758340,	 -3.934053,	 -2.001810,	 0.800947,	 1.685798,	 0.661830,
8.874346,	 -3.679372,	 -1.901609,	 0.745481,	 1.709748,	 0.674109,
8.981955,	 -3.421212,	 -1.799610,	 0.689060,	 1.732185,	 0.685804,
9.081034,	 -3.159801,	 -1.695901,	 0.631724,	 1.753076,	 0.696900,
9.171449,	 -2.895374,	 -1.590574,	 0.573517,	 1.772387,	 0.707381,
9.253062,	 -2.628171,	 -1.483721,	 0.514484,	 1.790086,	 0.717232,
9.325768,	 -2.358436,	 -1.375439,	 0.454670,	 1.806141,	 0.726437,
9.389446,	 -2.086417,	 -1.265826,	 0.394124,	 1.820522,	 0.734982,
9.443989,	 -1.812368,	 -1.154981,	 0.332896,	 1.833198,	 0.742853,
9.489301,	 -1.536547,	 -1.043007,	 0.271036,	 1.844141,	 0.750035,
9.525291,	 -1.259217,	 -0.930008,	 0.208598,	 1.853323,	 0.756514,
9.551874,	 -0.980643,	 -0.816090,	 0.145636,	 1.860716,	 0.762277,
9.568978,	 -0.701095,	 -0.701362,	 0.082207,	 1.866296,	 0.767312,
9.576534,	 -0.420847,	 -0.585935,	 0.018367,	 1.870038,	 0.771605,
9.574490,	 -0.140177,	 -0.469920,	 -0.045823,	 1.871920,	 0.775144,
9.562793,	 0.140634,	 -0.353431,	 -0.110302,	 1.871919,	 0.777918,
9.541405,	 0.421304,	 -0.236584,	 -0.175007,	 1.870017,	 0.779917,
9.510304,	 0.701544,	 -0.119496,	 -0.239875,	 1.866195,	 0.781130,
9.469459,	 0.981067,	 -0.002285,	 -0.304839,	 1.860437,	 0.781547,
9.418870,	 1.259580,	 0.114928,	 -0.369833,	 1.852728,	 0.781160,
9.358531,	 1.536789,	 0.232023,	 -0.434786,	 1.843056,	 0.779961,
9.288456,	 1.812401,	 0.348876,	 -0.499630,	 1.831410,	 0.777941,
9.208672,	 2.086117,	 0.465364,	 -0.564292,	 1.817783,	 0.775095,
9.119200,	 2.357641,	 0.581364,	 -0.628700,	 1.802168,	 0.771417,
9.020094,	 2.626673,	 0.696749,	 -0.692780,	 1.784561,	 0.766902,
8.911406,	 2.892914,	 0.811394,	 -0.756456,	 1.764962,	 0.761547,
8.793200,	 3.156067,	 0.925173,	 -0.819653,	 1.743372,	 0.755349,
8.665558,	 3.415833,	 1.037959,	 -0.882293,	 1.719794,	 0.748306,
8.528562,	 3.671914,	 1.149625,	 -0.944298,	 1.694235,	 0.740418,
8.382324,	 3.924013,	 1.260044,	 -1.005590,	 1.666706,	 0.731685,
8.226947,	 4.171836,	 1.369091,	 -1.066090,	 1.637218,	 0.722109,
8.062557,	 4.415091,	 1.476638,	 -1.125718,	 1.605787,	 0.711693,
7.889294,	 4.653486,	 1.582560,	 -1.184394,	 1.572431,	 0.700440,
7.707307,	 4.886736,	 1.686732,	 -1.242038,	 1.537172,	 0.688358,
7.516753,	 5.114557,	 1.789030,	 -1.298570,	 1.500035,	 0.675452,
7.317811,	 5.336668,	 1.889331,	 -1.353911,	 1.461048,	 0.661730,
7.110661,	 5.552794,	 1.987514,	 -1.407981,	 1.420243,	 0.647203,
6.895499,	 5.762663,	 2.083457,	 -1.460701,	 1.377653,	 0.631880,
6.672537,	 5.966012,	 2.177044,	 -1.511992,	 1.333316,	 0.615775,
6.441994,	 6.162585,	 2.268156,	 -1.561779,	 1.287275,	 0.598901,
6.204098,	 6.352126,	 2.356682,	 -1.609984,	 1.239573,	 0.581272,
5.959094,	 6.534392,	 2.442507,	 -1.656532,	 1.190259,	 0.562907,
5.707237,	 6.709141,	 2.525524,	 -1.701351,	 1.139383,	 0.543822,
5.448792,	 6.876145,	 2.605625,	 -1.744369,	 1.087001,	 0.524037,
5.184031,	 7.035183,	 2.682707,	 -1.785516,	 1.033169,	 0.503574,
4.913244,	 7.186043,	 2.756669,	 -1.824724,	 0.977950,	 0.482453,
4.636725,	 7.328521,	 2.827417,	 -1.861929,	 0.921407,	 0.460700,
4.354779,	 7.462420,	 2.894856,	 -1.897069,	 0.863606,	 0.438338,
4.067719,	 7.587560,	 2.958896,	 -1.930082,	 0.804619,	 0.415395,
3.775871,	 7.703767,	 3.019454,	 -1.960913,	 0.744517,	 0.391898,
3.479566,	 7.810879,	 3.076447,	 -1.989508,	 0.683377,	 0.367875,
3.179142,	 7.908749,	 3.129799,	 -2.015815,	 0.621276,	 0.343357,
2.874945,	 7.997236,	 3.179438,	 -2.039789,	 0.558294,	 0.318375,
2.567329,	 8.076220,	 3.225296,	 -2.061387,	 0.494515,	 0.292961,
2.256655,	 8.145576,	 3.267314,	 -2.080567,	 0.430022,	 0.267149,
1.943287,	 8.205212,	 3.305431,	 -2.097296,	 0.364903,	 0.240972,
1.627595,	 8.255039,	 3.339597,	 -2.111542,	 0.299246,	 0.214466,
1.309954,	 8.294987,	 3.369765,	 -2.123278,	 0.233140,	 0.187667,
0.990742,	 8.324988,	 3.395893,	 -2.132481,	 0.166676,	 0.160611,
0.670340,	 8.344998,	 3.417945,	 -2.139133,	 0.099946,	 0.133335,
0.349131,	 8.354984,	 3.435892,	 -2.143219,	 0.033044,	 0.105878,
0.027503,	 8.354927,	 3.449710,	 -2.144732,	 -0.033938,	 0.078277,
-0.294159,	 8.344824,	 3.459378,	 -2.143665,	 -0.100906,	 0.050571,
-0.615468,	 8.324681,	 3.464886,	 -2.140019,	 -0.167766,	 0.022798,
-0.936037,	 8.294524,	 3.466225,	 -2.133799,	 -0.234424,	 -0.005002,
-1.255482,	 8.254393,	 3.463394,	 -2.125013,	 -0.300788,	 -0.032790,
-1.573417,	 8.204331,	 3.456398,	 -2.113676,	 -0.366763,	 -0.060528,
-1.889462,	 8.144408,	 3.445248,	 -2.099806,	 -0.432259,	 -0.088177,
-2.203238,	 8.074705,	 3.429960,	 -2.083426,	 -0.497183,	 -0.115699,
-2.514371,	 7.995309,	 3.410555,	 -2.064563,	 -0.561448,	 -0.143054,
-2.822490,	 7.906327,	 3.387062,	 -2.043249,	 -0.624964,	 -0.170206,
-3.127232,	 7.807880,	 3.359514,	 -2.019519,	 -0.687646,	 -0.197117,
-3.428236,	 7.700099,	 3.327949,	 -1.993414,	 -0.749409,	 -0.223750,
-3.725148,	 7.583128,	 3.292412,	 -1.964978,	 -0.810170,	 -0.250071,
-4.017623,	 7.457121,	 3.252953,	 -1.934258,	 -0.869850,	 -0.276042,
-4.305323,	 7.322248,	 3.209627,	 -1.901305,	 -0.928370,	 -0.301632,
