-0.639809,	 0.687320,	 0.297981,	 -4.877347,	 -3.763303,	 -1.631538,
-0.663929,	 0.668221,	 0.289701,	 -4.743317,	 -3.903570,	 -1.692350,
-0.687370,	 0.648430,	 0.281120,	 -4.604517,	 -4.039692,	 -1.751364,
-0.710108,	 0.627966,	 0.272248,	 -4.461103,	 -4.171529,	 -1.808521,
-0.732119,	 0.606851,	 0.263094,	 -4.313240,	 -4.298950,	 -1.863763,
-0.753383,	 0.585109,	 0.253668,	 -4.161096,	 -4.421829,	 -1.917036,
-0.773878,	 0.562762,	 0.243980,	 -4.004841,	 -4.540043,	 -1.968286,
-0.793583,	 0.539833,	 0.234039,	 -3.844653,	 -4.653478,	 -2.017465,
-0.812480,	 0.516346,	 0.223857,	 -3.680712,	 -4.762025,	 -2.064524,
-0.830550,	 0.492327,	 0.213443,	 -3.513200,	 -4.865581,	 -2.109420,
-0.847775,	 0.467800,	 0.202810,	 -3.342307,	 -4.964047,	 -2.152109,
-0.864140,	 0.442791,	 0.191968,	 -3.168221,	 -5.057334,	 -2.192552,
-0.879628,	 0.417326,	 0.180928,	 -2.991135,	 -5.145356,	 -2.230713,
-0.894225,	 0.391432,	 0.169701,	 -2.811246,	 -5.228035,	 -2.266558,
-0.907917,	 0.365135,	 0.158301,	 -2.628751,	 -5.305300,	 -2.300056,
-0.920692,	 0.338463,	 0.146737,	 -2.443850,	 -5.377086,	 -2.331178,
-0.932538,	 0.311443,	 0.135023,	 -2.256745,	 -5.443333,	 -2.359898,
-0.943444,	 0.284102,	 0.123170,	 -2.067638,	 -5.503989,	 -2.386195,
-0.953401,	 0.256470,	 0.111190,	 -1.876734,	 -5.559008,	 -2.410048,
-0.962401,	 0.228574,	 0.099096,	 -1.684239,	 -5.608352,	 -2.431441,
-0.970435,	 0.200443,	 0.086900,	 -1.490357,	 -5.651988,	 -2.450359,
-0.977497,	 0.172105,	 0.074615,	 -1.295296,	 -5.689890,	 -2.466791,
-0.983581,	 0.143589,	 0.062252,	 -1.099262,	 -5.722039,	 -2.480729,
-0.988684,	 0.114924,	 0.049824,	 -0.902460,	 -5.748421,	 -2.492167,
-0.992802,	 0.086138,	 0.037344,	 -0.705098,	 -5.769030,	 -2.501102,
-0.995932,	 0.057261,	 0.024825,	 -0.507379,	 -5.783867,	 -2.507534,
-0.998074,	 0.028321,	 0.012279,	 -0.309509,	 -5.792936,	 -2.511466,
-0.999225,	 -0.000653,	 -0.000283,	 -0.111690,	 -5.796252,	 -2.512904,
-0.999389,	 -0.029631,	 -0.012846,	 0.085875,	 -5.793832,	 -2.511855,
-0.998565,	 -0.058587,	 -0.025399,	 0.282988,	 -5.785702,	 -2.508330,
-0.996757,	 -0.087490,	 -0.037930,	 0.479448,	 -5.771892,	 -2.502343,
-0.993968,	 -0.116312,	 -0.050426,	 0.675061,	 -5.752439,	 -2.493909,
-0.990203,	 -0.145027,	 -0.062875,	 0.869632,	 -5.727385,	 -2.483047,
-0.985467,	 -0.173605,	 -0.075264,	 1.062969,	 -5.696779,	 -2.469778,
-0.979768,	 -0.202019,	 -0.087583,	 1.254885,	 -5.660674,	 -2.454126,
-0.973112,	 -0.230241,	 -0.099818,	 1.445192,	 -5.619130,	 -2.436115,
-0.965509,	 -0.258245,	 -0.111959,	 1.633708,	 -5.572211,	 -2.415774,
-0.956966,	 -0.286004,	 -0.123994,	 1.820254,	 -5.519987,	 -2.393132,
-0.947495,	 -0.313491,	 -0.135910,	 2.004653,	 -5.462531,	 -2.368223,
-0.937107,	 -0.340680,	 -0.147698,	 2.186733,	 -5.399924,	 -2.341081,
-0.925813,	 -0.367547,	 -0.159346,	 2.366325,	 -5.332250,	 -2.311741,
-0.913626,	 -0.394064,	 -0.170842,	 2.543263,	 -5.259597,	 -2.280243,
-0.900560,	 -0.420209,	 -0.182177,	 2.717387,	 -5.182059,	 -2.246628,
-0.886630,	 -0.445957,	 -0.193340,	 2.888539,	 -5.099732,	 -2.210936,
-0.871850,	 -0.471283,	 -0.204320,	 3.056567,	 -5.012719,	 -2.173212,
-0.856236,	 -0.496165,	 -0.215107,	 3.221323,	 -4.921123,	 -2.133502,
-0.839805,	 -0.520581,	 -0.225692,	 3.382662,	 -4.825055,	 -2.091853,
-0.822575,	 -0.544507,	 -0.236065,	 3.540446,	 -4.724627,	 -2.048313,
-0.804563,	 -0.567922,	 -0.246216,	 3.694539,	 -4.619954,	 -2.002933,
-0.785788,	 -0.590806,	 -0.256138,	 3.844811,	 -4.511157,	 -1.955765,
-0.766270,	 -0.613138,	 -0.265819,	 3.991138,	 -4.398356,	 -1.906862,
-0.746028,	 -0.634898,	 -0.275253,	 4.133399,	 -4.281677,	 -1.856277,
-0.725083,	 -0.656067,	 -0.284431,	 4.271478,	 -4.161249,	 -1.804066,
-0.703457,	 -0.676627,	 -0.293344,	 4.405266,	 -4.037200,	 -1.750287,
-0.681170,	 -0.696559,	 -0.301986,	 4.534655,	 -3.909664,	 -1.694995,
-0.658245,	 -0.715847,	 -0.310348,	 4.659546,	 -3.778776,	 -1.638250,
-0.634705,	 -0.734474,	 -0.318423,	 4.779844,	 -3.644673,	 -1.580111,
-0.610572,	 -0.752424,	 -0.326205,	 4.895458,	 -3.507494,	 -1.520638,
-0.585871,	 -0.769682,	 -0.333688,	 5.006303,	 -3.367378,	 -1.459893,
-0.560626,	 -0.786234,	 -0.340864,	 5.112298,	 -3.224469,	 -1.397936,
-0.534860,	 -0.802067,	 -0.347727,	 5.213368,	 -3.078909,	 -1.334830,
-0.508599,	 -0.817166,	 -0.354274,	 5.309445,	 -2.930844,	 -1.270638,
-0.481868,	 -0.831520,	 -0.360497,	 5.400462,	 -2.780419,	 -1.205423,
-0.454692,	 -0.845118,	 -0.366392,	 5.486359,	 -2.627782,	 -1.139249,
-0.427097,	 -0.857948,	 -0.371954,	 5.567083,	 -2.473079,	 -1.072179,
-0.399108,	 -0.870001,	 -0.377180,	 5.642583,	 -2.316460,	 -1.004278,
-0.370753,	 -0.881268,	 -0.382064,	 5.712815,	 -2.158072,	 -0.935611,
-0.342056,	 -0.891739,	 -0.386604,	 5.777739,	 -1.998065,	 -0.866242,
-0.313046,	 -0.901406,	 -0.390795,	 5.837320,	 -1.836589,	 -0.796235,
-0.283749,	 -0.910264,	 -0.394635,	 5.891529,	 -1.673793,	 -0.725657,
-0.254192,	 -0.918306,	 -0.398122,	 5.940340,	 -1.509826,	 -0.654571,
-0.224401,	 -0.925525,	 -0.401252,	 5.983733,	 -1.344838,	 -0.583042,
-0.194404,	 -0.931918,	 -0.404023,	 6.021693,	 -1.178978,	 -0.511135,
-0.164229,	 -0.937480,	 -0.406435,	 6.054209,	 -1.012394,	 -0.438914,
-0.133901,	 -0.942208,	 -0.408484,	 6.081276,	 -0.845236,	 -0.366445,
-0.103450,	 -0.946099,	 -0.410171,	 6.102891,	 -0.677650,	 -0.293789,
-0.072901,	 -0.949152,	 -0.411495,	 6.119058,	 -0.509783,	 -0.221013,
-0.042282,	 -0.951365,	 -0.412454,	 6.129784,	 -0.341782,	 -0.148178,
-0.011620,	 -0.952737,	 -0.413049,	 6.135082,	 -0.173792,	 -0.075347,
0.019057,	 -0.953271,	 -0.413281,	 6.134969,	 -0.005957,	 -0.002584,
0.049723,	 -0.952965,	 -0.413148,	 6.129464,	 0.161581,	 0.070050,
0.080351,	 -0.951823,	 -0.412653,	 6.118593,	 0.328678,	 0.142493,
0.110914,	 -0.949846,	 -0.411796,	 6.102384,	 0.495195,	 0.214685,
0.141385,	 -0.947038,	 -0.410579,	 6.080872,	 0.660993,	 0.286565,
0.171738,	 -0.943403,	 -0.409003,	 6.054093,	 0.825934,	 0.358073,
0.201946,	 -0.938945,	 -0.407070,	 6.022088,	 0.989881,	 0.429151,
0.231984,	 -0.933670,	 -0.404783,	 5.984903,	 1.152701,	 0.499740,
0.261826,	 -0.927583,	 -0.402144,	 5.942586,	 1.314260,	 0.569782,
0.291446,	 -0.920690,	 -0.399156,	 5.895190,	 1.474427,	 0.639221,
0.320819,	 -0.913000,	 -0.395822,	 5.842771,	 1.633074,	 0.708001,
0.349921,	 -0.904520,	 -0.392145,	 5.785390,	 1.790072,	 0.776066,
0.378725,	 -0.895259,	 -0.388130,	 5.723108,	 1.945298,	 0.843362,
0.407208,	 -0.885225,	 -0.383780,	 5.655993,	 2.098627,	 0.909836,
0.435346,	 -0.874428,	 -0.379099,	 5.584115,	 2.249938,	 0.975436,
0.463116,	 -0.862879,	 -0.374092,	 5.507548,	 2.399113,	 1.040109,
0.490493,	 -0.850589,	 -0.368764,	 5.426367,	 2.546035,	 1.103805,
0.517455,	 -0.837569,	 -0.363119,	 5.340653,	 2.690589,	 1.166475,
0.543980,	 -0.823831,	 -0.357163,	 5.250488,	 2.832663,	 1.228070,
0.570045,	 -0.809387,	 -0.350902,	 5.155958,	 2.972147,	 1.288542,
0.595629,	 -0.794252,	 -0.344340,	 5.057152,	 3.108935,	 1.347845,
0.620710,	 -0.778438,	 -0.337484,	 4.954160,	 3.242921,	 1.405933,
0.645269,	 -0.761960,	 -0.330340,	 4.847078,	 3.374004,	 1.462763,
0.669283,	 -0.744833,	 -0.322915,	 4.736001,	 3.502082,	 1.518290,
0.692735,	 -0.727071,	 -0.315214,	 4.621030,	 3.627060,	 1.572473,
0.715604,	 -0.708691,	 -0.307246,	 4.502266,	 3.748844,	 1.625271,
0.737872,	 -0.689708,	 -0.299016,	 4.379813,	 3.867340,	 1.676644,
0.759520,	 -0.670140,	 -0.290532,	 4.253778,	 3.982460,	 1.726553,
0.780532,	 -0.650003,	 -0.281802,	 4.124271,	 4.094119,	 1.774962,
0.800888,	 -0.629315,	 -0.272833,	 3.991402,	 4.202232,	 1.821833,
0.820575,	 -0.608093,	 -0.263633,	 3.855284,	 4.306720,	 1.867132,
0.839574,	 -0.586356,	 -0.254209,	 3.716034,	 4.407504,	 1.910826,
0.857871,	 -0.564123,	 -0.244570,	 3.573768,	 4.504510,	 1.952882,
0.875450,	 -0.541413,	 -0.234724,	 3.428607,	 4.597666,	 1.993269,
0.892298,	 -0.518244,	 -0.224680,	 3.280670,	 4.686903,	 2.031957,
0.908402,	 -0.494638,	 -0.214445,	 3.130081,	 4.772156,	 2.068918,
0.923747,	 -0.470613,	 -0.204030,	 2.976964,	 4.853362,	 2.104124,
0.938322,	 -0.446190,	 -0.193441,	 2.821446,	 4.930462,	 2.137550,
0.952114,	 -0.421390,	 -0.182690,	 2.663654,	 5.003398,	 2.169171,
0.965113,	 -0.396234,	 -0.171783,	 2.503717,	 5.072118,	 2.198963,
0.977309,	 -0.370743,	 -0.160732,	 2.341766,	 5.136572,	 2.226907,
0.988691,	 -0.344938,	 -0.149545,	 2.177933,	 5.196712,	 2.252980,
0.999250,	 -0.318841,	 -0.138231,	 2.012351,	 5.252495,	 2.277164,
1.008978,	 -0.292474,	 -0.126799,	 1.845153,	 5.303880,	 2.299441,
1.017867,	 -0.265859,	 -0.115261,	 1.676476,	 5.350829,	 2.319796,
1.025910,	 -0.239018,	 -0.103624,	 1.506454,	 5.393310,	 2.338213,
1.033100,	 -0.211974,	 -0.091899,	 1.335226,	 5.431292,	 2.354680,
1.039432,	 -0.184749,	 -0.080096,	 1.162928,	 5.464746,	 2.369183,
1.044900,	 -0.157365,	 -0.068224,	 0.989701,	 5.493649,	 2.381714,
1.049501,	 -0.129847,	 -0.056294,	 0.815682,	 5.517981,	 2.392263,
1.053230,	 -0.102215,	 -0.044315,	 0.641012,	 5.537724,	 2.400823,
1.056085,	 -0.074495,	 -0.032297,	 0.465830,	 5.552865,	 2.407387,
1.058064,	 -0.046707,	 -0.020250,	 0.290278,	 5.563393,	 2.411951,
1.059163,	 -0.018877,	 -0.008184,	 0.114497,	 5.569301,	 2.414512,
1.059384,	 0.008974,	 0.003890,	 -0.061373,	 5.570585,	 2.415069,
1.058725,	 0.036822,	 0.015964,	 -0.237191,	 5.567247,	 2.413622,
1.057188,	 0.064644,	 0.028026,	 -0.412814,	 5.559288,	 2.410172,
1.054773,	 0.092418,	 0.040066,	 -0.588102,	 5.546716,	 2.404721,
1.051483,	 0.120119,	 0.052076,	 -0.762914,	 5.529542,	 2.397275,
1.047319,	 0.147725,	 0.064044,	 -0.937108,	 5.507778,	 2.387840,
1.042287,	 0.175213,	 0.075961,	 -1.110545,	 5.481444,	 2.376423,
1.036388,	 0.202560,	 0.087817,	 -1.283085,	 5.450558,	 2.363033,
1.029629,	 0.229744,	 0.099603,	 -1.454587,	 5.415147,	 2.347681,
1.022015,	 0.256741,	 0.111307,	 -1.624914,	 5.375237,	 2.330379,
1.013552,	 0.283531,	 0.122921,	 -1.793926,	 5.330860,	 2.311139,
1.004247,	 0.310089,	 0.134436,	 -1.961487,	 5.282051,	 2.289979,
0.994107,	 0.336395,	 0.145840,	 -2.127461,	 5.228848,	 2.266913,
0.983140,	 0.362426,	 0.157125,	 -2.291711,	 5.171294,	 2.241961,
0.971356,	 0.388160,	 0.168282,	 -2.454104,	 5.109432,	 2.215142,
0.958764,	 0.413577,	 0.179302,	 -2.614507,	 5.043312,	 2.186476,
0.945374,	 0.438654,	 0.190174,	 -2.772788,	 4.972986,	 2.155987,
0.931197,	 0.463372,	 0.200890,	 -2.928817,	 4.898510,	 2.123699,
0.916245,	 0.487709,	 0.211441,	 -3.082466,	 4.819942,	 2.089637,
0.900529,	 0.511645,	 0.221818,	 -3.233607,	 4.737345,	 2.053828,
0.884063,	 0.535160,	 0.232013,	 -3.382115,	 4.650784,	 2.016300,
0.866860,	 0.558235,	 0.242017,	 -3.527867,	 4.560329,	 1.977084,
0.848933,	 0.580849,	 0.251821,	 -3.670742,	 4.466050,	 1.936211,
0.830299,	 0.602985,	 0.261418,	 -3.810620,	 4.368024,	 1.893713,
0.810971,	 0.624623,	 0.270799,	 -3.947384,	 4.266330,	 1.849624,
0.790965,	 0.645746,	 0.279956,	 -4.080920,	 4.161048,	 1.803981,
0.770299,	 0.666335,	 0.288882,	 -4.211115,	 4.052265,	 1.756819,
0.748989,	 0.686373,	 0.297570,	 -4.337859,	 3.940066,	 1.708176,
0.727052,	 0.705844,	 0.306011,	 -4.461044,	 3.824545,	 1.658093,
0.704506,	 0.724730,	 0.314199,	 -4.580567,	 3.705793,	 1.606610,
0.681370,	 0.743017,	 0.322127,	 -4.696325,	 3.583909,	 1.553768,
0.657663,	 0.760687,	 0.329788,	 -4.808220,	 3.458991,	 1.499611,
0.633404,	 0.777728,	 0.337176,	 -4.916156,	 3.331142,	 1.444183,
0.608614,	 0.794123,	 0.344284,	 -5.020040,	 3.200466,	 1.387530,
0.583313,	 0.809860,	 0.351106,	 -5.119783,	 3.067071,	 1.329698,
0.557521,	 0.824924,	 0.357637,	 -5.215298,	 2.931068,	 1.270736,
0.531261,	 0.839304,	 0.363871,	 -5.306503,	 2.792568,	 1.210690,
0.504553,	 0.852986,	 0.369803,	 -5.393318,	 2.651686,	 1.149613,
0.477420,	 0.865959,	 0.375427,	 -5.475669,	 2.508541,	 1.087553,
0.449884,	 0.878212,	 0.380739,	 -5.553482,	 2.363250,	 1.024564,
0.421968,	 0.889734,	 0.385735,	 -5.626690,	 2.215935,	 0.960697,
0.393696,	 0.900516,	 0.390409,	 -5.695228,	 2.066720,	 0.896007,
0.365090,	 0.910548,	 0.394759,	 -5.759036,	 1.915730,	 0.830547,
0.336175,	 0.919822,	 0.398779,	 -5.818058,	 1.763092,	 0.764372,
0.306974,	 0.928330,	 0.402468,	 -5.872241,	 1.608934,	 0.697539,
0.277513,	 0.936064,	 0.405821,	 -5.921538,	 1.453388,	 0.630103,
0.247814,	 0.943018,	 0.408836,	 -5.965903,	 1.296583,	 0.562122,
0.217904,	 0.949185,	 0.411509,	 -6.005298,	 1.138655,	 0.493654,
0.187807,	 0.954561,	 0.413840,	 -6.039688,	 0.979736,	 0.424756,
0.157547,	 0.959141,	 0.415825,	 -6.069040,	 0.819962,	 0.355488,
0.127152,	 0.962920,	 0.417464,	 -6.093330,	 0.659469,	 0.285908,
0.096644,	 0.965895,	 0.418754,	 -6.112535,	 0.498394,	 0.216076,
0.066052,	 0.968064,	 0.419694,	 -6.126637,	 0.336876,	 0.146051,
0.035398,	 0.969425,	 0.420284,	 -6.135624,	 0.175052,	 0.075894,
0.004710,	 0.969976,	 0.420523,	 -6.139487,	 0.013060,	 0.005664,
-0.025987,	 0.969718,	 0.420411,	 -6.138222,	 -0.148959,	 -0.064577,
-0.056667,	 0.968649,	 0.419948,	 -6.131832,	 -0.310866,	 -0.134771,
-0.087305,	 0.966771,	 0.419134,	 -6.120321,	 -0.472524,	 -0.204856,
-0.117875,	 0.964086,	 0.417969,	 -6.103699,	 -0.633791,	 -0.274772,
-0.148353,	 0.960595,	 0.416456,	 -6.081982,	 -0.794531,	 -0.344459,
-0.178711,	 0.956302,	 0.414595,	 -6.055189,	 -0.954604,	 -0.413857,
-0.208925,	 0.951210,	 0.412387,	 -6.023345,	 -1.113872,	 -0.482906,
-0.238970,	 0.945324,	 0.409835,	 -5.986479,	 -1.272199,	 -0.551547,
-0.268821,	 0.938648,	 0.406941,	 -5.944623,	 -1.429448,	 -0.619720,
-0.298452,	 0.931188,	 0.403707,	 -5.897817,	 -1.585484,	 -0.687368,
-0.327840,	 0.922951,	 0.400136,	 -5.846102,	 -1.740173,	 -0.754432,
-0.356959,	 0.913943,	 0.396230,	 -5.789527,	 -1.893381,	 -0.820854,
