0.065558,	 -0.658969,	 -0.300620,	 7.302997,	 0.750424,	 -0.124552,
0.088889,	 -0.656223,	 -0.300861,	 7.277646,	 0.966374,	 -0.025792,
0.112127,	 -0.652787,	 -0.300786,	 7.244660,	 1.181228,	 0.072959,
0.135247,	 -0.648666,	 -0.300395,	 7.204080,	 1.394767,	 0.171599,
0.158225,	 -0.643864,	 -0.299689,	 7.155952,	 1.606771,	 0.270026,
0.181037,	 -0.638386,	 -0.298668,	 7.100330,	 1.817025,	 0.368139,
0.203660,	 -0.632238,	 -0.297333,	 7.037276,	 2.025314,	 0.465839,
0.226069,	 -0.625427,	 -0.295688,	 6.966859,	 2.231425,	 0.563025,
0.248240,	 -0.617961,	 -0.293732,	 6.889154,	 2.435148,	 0.659598,
0.270152,	 -0.609846,	 -0.291468,	 6.804244,	 2.636276,	 0.755459,
0.291781,	 -0.601093,	 -0.288898,	 6.712220,	 2.834603,	 0.850511,
0.313103,	 -0.591709,	 -0.286026,	 6.613177,	 3.029928,	 0.944656,
0.334098,	 -0.581706,	 -0.282854,	 6.507219,	 3.222051,	 1.037798,
0.354743,	 -0.571093,	 -0.279386,	 6.394457,	 3.410778,	 1.129843,
0.375016,	 -0.559882,	 -0.275625,	 6.275007,	 3.595914,	 1.220695,
0.394897,	 -0.548084,	 -0.271575,	 6.148992,	 3.777273,	 1.310264,
0.414364,	 -0.535713,	 -0.267241,	 6.016542,	 3.954668,	 1.398457,
0.433397,	 -0.522780,	 -0.262627,	 5.877793,	 4.127919,	 1.485183,
0.451976,	 -0.509300,	 -0.257738,	 5.732886,	 4.296849,	 1.570356,
0.470082,	 -0.495286,	 -0.252579,	 5.581970,	 4.461284,	 1.653886,
0.487695,	 -0.480753,	 -0.247156,	 5.425197,	 4.621056,	 1.735689,
0.504798,	 -0.465717,	 -0.241473,	 5.262729,	 4.776001,	 1.815681,
0.521372,	 -0.450193,	 -0.235538,	 5.094729,	 4.925959,	 1.893780,
0.537400,	 -0.434197,	 -0.229356,	 4.921369,	 5.070776,	 1.969904,
0.552864,	 -0.417747,	 -0.222933,	 4.742824,	 5.210303,	 2.043977,
0.567749,	 -0.400858,	 -0.216277,	 4.559276,	 5.344393,	 2.115920,
0.582040,	 -0.383550,	 -0.209394,	 4.370910,	 5.472909,	 2.185660,
0.595719,	 -0.365839,	 -0.202292,	 4.177918,	 5.595715,	 2.253125,
0.608775,	 -0.347744,	 -0.194977,	 3.980494,	 5.712683,	 2.318243,
0.621192,	 -0.329285,	 -0.187458,	 3.778840,	 5.823691,	 2.380947,
0.632956,	 -0.310480,	 -0.179742,	 3.573160,	 5.928620,	 2.441171,
0.644057,	 -0.291349,	 -0.171837,	 3.363663,	 6.027359,	 2.498852,
0.654481,	 -0.271912,	 -0.163752,	 3.150561,	 6.119803,	 2.553929,
0.664218,	 -0.252189,	 -0.155496,	 2.934071,	 6.205852,	 2.606343,
0.673257,	 -0.232202,	 -0.147075,	 2.714414,	 6.285412,	 2.656039,
0.681589,	 -0.211970,	 -0.138500,	 2.491813,	 6.358397,	 2.702962,
0.689204,	 -0.191516,	 -0.129779,	 2.266495,	 6.424725,	 2.747062,
0.696093,	 -0.170860,	 -0.120922,	 2.038690,	 6.484323,	 2.788292,
0.702250,	 -0.150024,	 -0.111938,	 1.808633,	 6.537122,	 2.826606,
0.707668,	 -0.129030,	 -0.102835,	 1.576557,	 6.583062,	 2.861961,
0.712340,	 -0.107900,	 -0.093625,	 1.342702,	 6.622088,	 2.894318,
0.716261,	 -0.086656,	 -0.084315,	 1.107308,	 6.654152,	 2.923641,
0.719427,	 -0.065321,	 -0.074917,	 0.870618,	 6.679214,	 2.949895,
0.721833,	 -0.043917,	 -0.065439,	 0.632876,	 6.697240,	 2.973051,
0.723478,	 -0.022466,	 -0.055893,	 0.394328,	 6.708203,	 2.993079,
0.724358,	 -0.000992,	 -0.046287,	 0.155221,	 6.712084,	 3.009957,
0.724472,	 0.020484,	 -0.036633,	 -0.084196,	 6.708870,	 3.023663,
0.723821,	 0.041938,	 -0.026939,	 -0.323674,	 6.698555,	 3.034177,
0.722403,	 0.063347,	 -0.017217,	 -0.562962,	 6.681141,	 3.041486,
0.720219,	 0.084689,	 -0.007477,	 -0.801809,	 6.656639,	 3.045578,
0.717273,	 0.105942,	 0.002271,	 -1.039966,	 6.625062,	 3.046443,
0.713566,	 0.127083,	 0.012017,	 -1.277180,	 6.586437,	 3.044078,
0.709102,	 0.148088,	 0.021750,	 -1.513203,	 6.540793,	 3.038479,
0.703885,	 0.168937,	 0.031460,	 -1.747782,	 6.488168,	 3.029648,
0.697920,	 0.189605,	 0.041136,	 -1.980670,	 6.428609,	 3.017591,
0.691212,	 0.210073,	 0.050769,	 -2.211618,	 6.362168,	 3.002315,
0.683769,	 0.230316,	 0.060348,	 -2.440379,	 6.288906,	 2.983831,
0.675598,	 0.250315,	 0.069862,	 -2.666709,	 6.208889,	 2.962155,
0.666707,	 0.270047,	 0.079302,	 -2.890363,	 6.122194,	 2.937304,
0.657104,	 0.289491,	 0.088658,	 -3.111100,	 6.028902,	 2.909302,
0.646801,	 0.308625,	 0.097918,	 -3.328681,	 5.929103,	 2.878171,
0.635806,	 0.327431,	 0.107075,	 -3.542870,	 5.822892,	 2.843942,
0.624131,	 0.345886,	 0.116117,	 -3.753434,	 5.710374,	 2.806645,
0.611789,	 0.363971,	 0.125034,	 -3.960141,	 5.591659,	 2.766316,
0.598792,	 0.381667,	 0.133818,	 -4.162765,	 5.466864,	 2.722994,
0.585154,	 0.398953,	 0.142459,	 -4.361082,	 5.336114,	 2.676720,
0.570887,	 0.415812,	 0.150946,	 -4.554874,	 5.199540,	 2.627539,
0.556009,	 0.432225,	 0.159272,	 -4.743924,	 5.057281,	 2.575500,
0.540533,	 0.448174,	 0.167427,	 -4.928023,	 4.909479,	 2.520654,
0.524476,	 0.463641,	 0.175402,	 -5.106964,	 4.756287,	 2.463057,
0.507855,	 0.478610,	 0.183188,	 -5.280546,	 4.597861,	 2.402766,
0.490688,	 0.493063,	 0.190777,	 -5.448574,	 4.434364,	 2.339842,
0.472991,	 0.506985,	 0.198161,	 -5.610857,	 4.265967,	 2.274349,
0.454786,	 0.520361,	 0.205331,	 -5.767210,	 4.092844,	 2.206356,
0.436089,	 0.533176,	 0.212279,	 -5.917456,	 3.915177,	 2.135931,
0.416922,	 0.545415,	 0.218999,	 -6.061421,	 3.733151,	 2.063148,
0.397304,	 0.557064,	 0.225481,	 -6.198940,	 3.546960,	 1.988083,
0.377256,	 0.568112,	 0.231720,	 -6.329853,	 3.356800,	 1.910814,
0.356801,	 0.578545,	 0.237709,	 -6.454008,	 3.162872,	 1.831423,
0.335959,	 0.588352,	 0.243440,	 -6.571260,	 2.965385,	 1.749993,
0.314753,	 0.597521,	 0.248907,	 -6.681471,	 2.764549,	 1.666612,
0.293206,	 0.606043,	 0.254105,	 -6.784511,	 2.560580,	 1.581366,
0.271340,	 0.613907,	 0.259027,	 -6.880256,	 2.353698,	 1.494349,
0.249180,	 0.621105,	 0.263667,	 -6.968592,	 2.144127,	 1.405653,
0.226750,	 0.627629,	 0.268022,	 -7.049412,	 1.932094,	 1.315373,
0.204073,	 0.633470,	 0.272085,	 -7.122618,	 1.717830,	 1.223608,
0.181174,	 0.638622,	 0.275852,	 -7.188120,	 1.501568,	 1.130456,
0.158078,	 0.643079,	 0.279319,	 -7.245836,	 1.283546,	 1.036020,
0.134809,	 0.646836,	 0.282482,	 -7.295693,	 1.064001,	 0.940402,
0.111394,	 0.649889,	 0.285337,	 -7.337628,	 0.843177,	 0.843706,
0.087857,	 0.652233,	 0.287881,	 -7.371585,	 0.621316,	 0.746039,
0.064224,	 0.653865,	 0.290111,	 -7.397518,	 0.398663,	 0.647508,
0.040522,	 0.654785,	 0.292025,	 -7.415391,	 0.175465,	 0.548222,
0.016775,	 0.654989,	 0.293620,	 -7.425176,	 -0.048030,	 0.448290,
-0.006991,	 0.654479,	 0.294894,	 -7.426854,	 -0.271574,	 0.347823,
-0.030749,	 0.653253,	 0.295846,	 -7.420416,	 -0.494918,	 0.246933,
-0.054473,	 0.651313,	 0.296475,	 -7.405863,	 -0.717812,	 0.145731,
-0.078138,	 0.648661,	 0.296780,	 -7.383205,	 -0.940008,	 0.044330,
-0.101717,	 0.645300,	 0.296759,	 -7.352460,	 -1.161257,	 -0.057156,
-0.125185,	 0.641232,	 0.296415,	 -7.313658,	 -1.381310,	 -0.158614,
-0.148516,	 0.636462,	 0.295745,	 -7.266837,	 -1.599922,	 -0.259931,
-0.171685,	 0.630995,	 0.294752,	 -7.212043,	 -1.816846,	 -0.360994,
-0.194665,	 0.624838,	 0.293436,	 -7.149334,	 -2.031839,	 -0.461688,
-0.217432,	 0.617995,	 0.291798,	 -7.078776,	 -2.244659,	 -0.561902,
-0.239961,	 0.610476,	 0.289841,	 -7.000444,	 -2.455066,	 -0.661522,
-0.262228,	 0.602287,	 0.287566,	 -6.914423,	 -2.662824,	 -0.760436,
-0.284206,	 0.593438,	 0.284975,	 -6.820806,	 -2.867698,	 -0.858534,
-0.305873,	 0.583939,	 0.282073,	 -6.719697,	 -3.069458,	 -0.955705,
-0.327205,	 0.573799,	 0.278861,	 -6.611206,	 -3.267876,	 -1.051840,
-0.348178,	 0.563029,	 0.275343,	 -6.495454,	 -3.462729,	 -1.146830,
-0.368769,	 0.551643,	 0.271523,	 -6.372570,	 -3.653798,	 -1.240570,
-0.388956,	 0.539651,	 0.267405,	 -6.242691,	 -3.840868,	 -1.332952,
-0.408716,	 0.527067,	 0.262994,	 -6.105961,	 -4.023728,	 -1.423874,
-0.428028,	 0.513905,	 0.258295,	 -5.962535,	 -4.202173,	 -1.513234,
-0.446870,	 0.500179,	 0.253312,	 -5.812574,	 -4.376003,	 -1.600931,
-0.465223,	 0.485904,	 0.248051,	 -5.656248,	 -4.545023,	 -1.686866,
-0.483065,	 0.471097,	 0.242519,	 -5.493731,	 -4.709044,	 -1.770945,
-0.500377,	 0.455773,	 0.236720,	 -5.325209,	 -4.867883,	 -1.853072,
-0.517141,	 0.439949,	 0.230662,	 -5.150871,	 -5.021364,	 -1.933156,
-0.533338,	 0.423643,	 0.224351,	 -4.970915,	 -5.169315,	 -2.011108,
-0.548950,	 0.406873,	 0.217793,	 -4.785545,	 -5.311572,	 -2.086842,
-0.563961,	 0.389656,	 0.210998,	 -4.594971,	 -5.447979,	 -2.160272,
-0.578354,	 0.372013,	 0.203971,	 -4.399408,	 -5.578385,	 -2.231318,
-0.592113,	 0.353962,	 0.196720,	 -4.199079,	 -5.702647,	 -2.299902,
-0.605224,	 0.335523,	 0.189254,	 -3.994210,	 -5.820630,	 -2.365948,
-0.617673,	 0.316717,	 0.181581,	 -3.785032,	 -5.932205,	 -2.429383,
-0.629446,	 0.297565,	 0.173710,	 -3.571784,	 -6.037252,	 -2.490140,
-0.640530,	 0.278087,	 0.165648,	 -3.354705,	 -6.135657,	 -2.548150,
-0.650913,	 0.258304,	 0.157405,	 -3.134042,	 -6.227316,	 -2.603353,
-0.660586,	 0.238240,	 0.148990,	 -2.910042,	 -6.312133,	 -2.655688,
-0.669536,	 0.217915,	 0.140412,	 -2.682959,	 -6.390017,	 -2.705099,
-0.677755,	 0.197351,	 0.131681,	 -2.453048,	 -6.460889,	 -2.751535,
-0.685234,	 0.176573,	 0.122806,	 -2.220568,	 -6.524676,	 -2.794945,
-0.691965,	 0.155602,	 0.113796,	 -1.985779,	 -6.581315,	 -2.835285,
-0.697942,	 0.134460,	 0.104663,	 -1.748945,	 -6.630748,	 -2.872513,
-0.703158,	 0.113173,	 0.095416,	 -1.510330,	 -6.672929,	 -2.906592,
-0.707608,	 0.091762,	 0.086065,	 -1.270201,	 -6.707819,	 -2.937485,
-0.711288,	 0.070251,	 0.076620,	 -1.028825,	 -6.735388,	 -2.965164,
-0.714193,	 0.048663,	 0.067091,	 -0.786472,	 -6.755613,	 -2.989600,
-0.716322,	 0.027023,	 0.057490,	 -0.543409,	 -6.768481,	 -3.010772,
-0.717672,	 0.005353,	 0.047826,	 -0.299906,	 -6.773986,	 -3.028659,
-0.718243,	 -0.016323,	 0.038110,	 -0.056232,	 -6.772132,	 -3.043245,
-0.718033,	 -0.037981,	 0.028353,	 0.187345,	 -6.762931,	 -3.054520,
-0.717045,	 -0.059598,	 0.018565,	 0.430557,	 -6.746401,	 -3.062475,
-0.715280,	 -0.081150,	 0.008757,	 0.673139,	 -6.722571,	 -3.067106,
-0.712740,	 -0.102615,	 -0.001061,	 0.914824,	 -6.691478,	 -3.068412,
-0.709428,	 -0.123968,	 -0.010878,	 1.155349,	 -6.653165,	 -3.066396,
-0.705349,	 -0.145188,	 -0.020683,	 1.394453,	 -6.607684,	 -3.061066,
-0.700507,	 -0.166250,	 -0.030465,	 1.631878,	 -6.555095,	 -3.052432,
-0.694908,	 -0.187133,	 -0.040215,	 1.867366,	 -6.495467,	 -3.040507,
-0.688560,	 -0.207814,	 -0.049921,	 2.100664,	 -6.428874,	 -3.025311,
-0.681468,	 -0.228271,	 -0.059573,	 2.331523,	 -6.355399,	 -3.006864,
-0.673642,	 -0.248482,	 -0.069162,	 2.559694,	 -6.275132,	 -2.985192,
-0.665091,	 -0.268425,	 -0.078675,	 2.784935,	 -6.188171,	 -2.960322,
-0.655823,	 -0.288080,	 -0.088104,	 3.007007,	 -6.094620,	 -2.932287,
-0.645851,	 -0.307425,	 -0.097439,	 3.225674,	 -5.994590,	 -2.901121,
-0.635184,	 -0.326439,	 -0.106668,	 3.440707,	 -5.888200,	 -2.866864,
-0.623835,	 -0.345103,	 -0.115784,	 3.651878,	 -5.775573,	 -2.829557,
-0.611818,	 -0.363397,	 -0.124775,	 3.858968,	 -5.656840,	 -2.789245,
-0.599144,	 -0.381301,	 -0.133632,	 4.061760,	 -5.532140,	 -2.745975,
-0.585828,	 -0.398797,	 -0.142346,	 4.260043,	 -5.401614,	 -2.699799,
-0.571886,	 -0.415866,	 -0.150908,	 4.453612,	 -5.265412,	 -2.650772,
-0.557332,	 -0.432491,	 -0.159308,	 4.642269,	 -5.123689,	 -2.598949,
-0.542182,	 -0.448653,	 -0.167539,	 4.825818,	 -4.976603,	 -2.544391,
-0.526453,	 -0.464337,	 -0.175590,	 5.004073,	 -4.824321,	 -2.487159,
-0.510163,	 -0.479525,	 -0.183454,	 5.176853,	 -4.667012,	 -2.427320,
-0.493329,	 -0.494201,	 -0.191122,	 5.343982,	 -4.504851,	 -2.364940,
-0.475969,	 -0.508351,	 -0.198587,	 5.505292,	 -4.338018,	 -2.300090,
-0.458102,	 -0.521961,	 -0.205841,	 5.660621,	 -4.166697,	 -2.232842,
-0.439748,	 -0.535015,	 -0.212875,	 5.809814,	 -3.991075,	 -2.163270,
-0.420927,	 -0.547500,	 -0.219684,	 5.952723,	 -3.811344,	 -2.091453,
-0.401659,	 -0.559405,	 -0.226259,	 6.089206,	 -3.627700,	 -2.017468,
-0.381964,	 -0.570715,	 -0.232594,	 6.219129,	 -3.440342,	 -1.941397,
-0.361864,	 -0.581420,	 -0.238682,	 6.342366,	 -3.249472,	 -1.863323,
-0.341381,	 -0.591509,	 -0.244518,	 6.458796,	 -3.055296,	 -1.783331,
-0.320536,	 -0.600972,	 -0.250094,	 6.568307,	 -2.858022,	 -1.701507,
-0.299352,	 -0.609799,	 -0.255406,	 6.670795,	 -2.657860,	 -1.617940,
-0.277851,	 -0.617981,	 -0.260448,	 6.766161,	 -2.455024,	 -1.532718,
-0.256057,	 -0.625510,	 -0.265214,	 6.854315,	 -2.249729,	 -1.445934,
-0.233992,	 -0.632378,	 -0.269701,	 6.935176,	 -2.042192,	 -1.357680,
-0.211680,	 -0.638579,	 -0.273903,	 7.008669,	 -1.832632,	 -1.268049,
-0.189145,	 -0.644106,	 -0.277816,	 7.074726,	 -1.621269,	 -1.177136,
-0.166410,	 -0.648954,	 -0.281436,	 7.133287,	 -1.408326,	 -1.085038,
-0.143500,	 -0.653119,	 -0.284759,	 7.184302,	 -1.194024,	 -0.991852,
-0.120439,	 -0.656596,	 -0.287783,	 7.227726,	 -0.978587,	 -0.897674,
-0.097251,	 -0.659382,	 -0.290504,	 7.263522,	 -0.762241,	 -0.802604,
-0.073961,	 -0.661475,	 -0.292920,	 7.291663,	 -0.545208,	 -0.706741,
-0.050593,	 -0.662872,	 -0.295027,	 7.312126,	 -0.327714,	 -0.610185,
-0.027171,	 -0.663574,	 -0.296825,	 7.324898,	 -0.109984,	 -0.513036,
-0.003722,	 -0.663578,	 -0.298310,	 7.329975,	 0.107757,	 -0.415395,
0.019732,	 -0.662885,	 -0.299483,	 7.327357,	 0.325286,	 -0.317362,
0.043165,	 -0.661498,	 -0.300342,	 7.317055,	 0.542379,	 -0.219039,
0.066553,	 -0.659417,	 -0.300885,	 7.299085,	 0.758814,	 -0.120527,
0.089871,	 -0.656644,	 -0.301114,	 7.273473,	 0.974367,	 -0.021928,
0.113096,	 -0.653183,	 -0.301027,	 7.240250,	 1.188820,	 0.076658,
0.136201,	 -0.649038,	 -0.300624,	 7.199456,	 1.401953,	 0.175128,
0.159164,	 -0.644214,	 -0.299907,	 7.151138,	 1.613548,	 0.273384,
0.181961,	 -0.638715,	 -0.298875,	 7.095350,	 1.823391,	 0.371323,
0.204567,	 -0.632547,	 -0.297531,	 7.032153,	 2.031266,	 0.468846,
0.226959,	 -0.625718,	 -0.295876,	 6.961617,	 2.236963,	 0.565854,
0.249114,	 -0.618234,	 -0.293911,	 6.883817,	 2.440273,	 0.662247,
