8.706449289858216867e-01 1.124911739325727966e-01
6.143420632227806211e-01 3.867534579152047680e-01
1.137503860126799493e-01 8.736263703916435919e-01
4.666877298316961520e-01 8.844766241365050741e-01
8.287087716209751154e-01 9.104158852447771233e-01
8.018959531375715599e-01 8.447186060263229823e-01
3.002976642356547377e-02 2.152791587065540080e-01
1.834495011107948326e-01 4.160661951109765333e-01
8.025118353394301574e-01 4.436159674698813005e-01
6.220330368965164558e-01 2.901902410536860710e-01
3.666966595989891164e-01 6.536380364513234564e-01
2.195557461577328784e-01 8.124833264325004301e-03
4.945189102966441874e-01 8.836127533368192122e-01
3.282678909048183380e-01 4.917972871803506507e-01
7.456616048502662242e-02 4.544347377925169740e-01
1.488441753490965525e-01 4.055778863680681301e-01
6.071666286662391609e-01 3.794160736199371220e-01
2.328472667755409065e-01 6.796823909428595378e-03
7.110778135838896619e-01 7.530609076790314438e-01
4.652925637907786571e-01 9.698656815565847022e-01
8.777141123169989179e-01 5.689436061082467910e-01
3.871087407658525548e-01 3.349857762780491521e-01
1.879550703926025079e-01 4.465502625938827519e-01
4.809262330771457705e-01 8.446856377493197066e-01
8.878010308161413677e-01 9.537463510677105516e-01
9.690291278171476730e-01 5.424686751274852003e-01
1.950370296637063960e-01 8.504509431437593525e-01
8.648304225977520021e-01 1.020845220369871464e-01
6.900226766109626153e-01 6.388351927343067782e-01
2.655834964140217913e-01 5.342796756550617365e-01
4.311433527510168950e-01 2.571316775244698594e-01
9.467644891895559134e-01 7.117278357999541338e-01
1.309888688506275489e-01 9.391225640076882319e-01
2.656470735829884466e-01 5.807889567710006196e-01
2.754964507358712567e-01 5.678023837400686391e-01
4.735056577979028791e-01 5.063447398966185453e-01
4.249083045654562518e-01 9.528685649717973938e-01
3.530589889210549170e-01 7.919587814057682529e-02
7.100925825659244461e-01 8.629001162138630887e-01
5.408134531415536017e-01 7.605786803862141232e-01
1.161029149420328421e-01 7.521405265048258793e-01
9.309403114289652725e-01 1.034774592986804631e-01
3.286873787478219455e-01 5.638229805235925873e-01
2.723511941184070251e-01 8.361603914013836514e-01
6.322021049228747636e-01 3.104775545764815181e-01
1.271096668975644217e-01 9.857705182019260715e-01
7.597615851656603914e-01 6.652290926915169766e-01
9.679572079065331680e-01 6.955354283528175641e-01
5.253680403062220838e-01 8.989315039941521146e-01
8.471060748082849257e-01 1.978437882346001375e-01
4.648765777947735378e-01 7.491040124542608369e-01
4.733240810541750054e-01 7.694322488539853122e-01
4.097067348273223386e-01 1.030781023428920529e-01
7.160723814524312392e-01 7.654158401375956711e-01
3.746105472087924992e-01 3.242434035261603231e-01
8.780862372145150641e-01 6.895521228103428379e-01
9.230060487916026402e-01 2.413427704209034630e-01
3.293860680658066142e-01 6.837250429020980125e-01
9.925667925476650000e-01 6.998398995314821791e-01
5.673881271936664916e-02 7.846296507805420317e-01
9.022522438927382815e-01 9.552928453023366018e-01
5.521610083644484801e-01 8.534370191835848329e-01
3.881537279419514652e-01 9.582755376747492670e-01
8.661898479746260593e-01 5.805624481386162383e-02
1.240082550532561889e-02 1.068454811584662600e-02
6.387003378931277453e-01 9.884207417397982143e-01
9.975988331431062672e-02 1.529244050508482555e-02
9.246781110378199386e-01 7.754354895421822214e-02
9.660670060709377616e-01 5.622526315019560350e-02
5.530120714429445083e-01 3.121212601715476209e-01
7.572452150054443942e-01 5.357332067582153412e-01
3.977899786102570001e-01 3.491162236876598213e-01
7.023610404334359458e-01 3.379428139908160489e-01
6.467607976350792098e-01 4.365148614733936894e-01
9.466643955822870993e-01 5.036467315719969084e-01
3.895457756787901182e-02 9.079759434172673949e-01
3.179444267377491418e-01 8.472457406287235981e-01
3.260367074887288164e-01 7.757070450526055705e-01
8.074661554953841414e-01 3.351766219321878904e-01
1.957058395991233546e-01 5.203736672065168989e-01
1.870070961345161598e-01 5.422039550578930944e-01
7.705637808534772093e-01 3.580411480429911419e-01
9.292303664864847157e-01 6.955560689542021890e-01
1.048754644334644048e-01 5.744209107803066594e-01
8.850332764525978835e-01 3.662949153358475707e-01
6.841987670867761828e-01 6.852765602582620019e-01
8.001019331371155285e-01 4.584325402461064680e-01
3.787734589500124649e-02 5.714374688842095429e-01
9.674167625042598972e-01 4.098972178739368477e-02
1.650181968671837751e-02 5.516921327006260034e-01
5.328902553953186461e-01 9.308281675249069353e-01
4.942849274255936010e-01 7.547722632468060189e-01
4.524375885302039935e-01 3.725232413573191792e-01
2.792978682176292526e-01 2.363634130406232492e-01
7.940626006243741708e-01 3.601251526796885871e-01
7.811912052563384501e-01 3.932757249688506596e-01
6.054813625345835115e-01 3.329433051438637214e-01
2.094984705321266683e-01 9.381239614738670074e-01
6.265430691421475240e-01 1.536177980652747577e-01
3.006063788259212277e-01 5.206378085724212568e-01
3.093566460817617214e-01 9.026333840149247667e-01
9.314485141912142163e-01 7.389613245840229716e-01
6.192732153553953678e-01 5.507926827826516991e-01
6.287470372367327531e-01 5.196593657155279544e-01
6.204493858641819681e-01 7.757523559854294648e-01
3.557295491828060818e-01 6.730317718243540304e-01
7.800576730000642334e-01 8.436299730723357815e-01
7.506651832746661368e-01 3.829252591779606085e-01
3.648936040213314191e-01 3.413642398284839619e-01
4.096348913038262429e-01 7.395645164335321597e-01
6.137828297855014714e-01 9.002697788613098773e-01
1.458234413417596187e-01 6.985416265717043771e-01
8.521327354376417862e-02 1.756592924564737146e-01
5.460758112102127582e-01 9.857788912343851129e-01
7.807557977144741201e-01 3.435804743630550551e-01
5.423607141635620188e-01 6.316974633878104095e-01
1.327791950546923783e-01 4.666678101615177043e-01
9.182339577051268353e-02 9.174893357602023070e-01
1.504820245596379946e-01 7.215282006684593519e-01
5.086347432181550499e-01 8.482249179300662689e-01
5.183958127432830576e-01 9.037308830917792912e-01
1.559028672156396178e-01 3.427034141510575393e-01
4.395015812945146649e-01 1.397972729880427867e-01
3.338860953060032166e-01 5.426241826186465333e-01
2.956556978675984881e-01 1.724651551843449093e-01
5.179099834713075667e-01 5.134577157691327942e-01
9.974482217893674285e-01 8.163821889497143713e-01
5.325512642281359232e-01 6.763556020838090710e-01
4.208629430688758388e-01 3.758187094828986385e-01
2.301188933957744043e-01 2.724607241075417408e-01
4.288748599698277708e-01 4.512728574856603725e-01
8.404175291850057850e-02 7.708643368880581104e-01
6.422601695688632262e-01 5.498533670953152930e-01
3.609879044795636371e-01 8.651690795439404003e-02
4.016349688113706184e-01 8.354251418361631210e-01
5.260086212642163250e-01 2.978973038056241807e-01
6.028426338434345055e-01 5.510346401955596995e-01
6.854614187835954553e-01 6.311969542881000761e-01
6.403425593811470362e-01 3.265164096525181581e-01
5.554039429232604519e-01 9.442349957212655687e-01
5.115474983665651010e-01 9.005920974332417561e-01
6.958982732757336143e-01 6.610782372114828442e-01
3.335804008885744354e-01 5.824515784014862030e-01
5.883278854943352343e-02 1.351367784152973650e-01
8.097117999362043461e-01 3.420705172365138269e-01
3.873434382443585733e-01 7.720427851041140599e-01
9.657927901544981486e-01 3.884193938248670097e-02
5.402946868568732075e-01 1.985490118666138892e-01
8.383657928786262259e-01 1.382129467213270013e-01
8.743199646579424833e-01 4.486936588372746337e-01
3.513876663001207490e-01 9.871121887205474010e-01
3.770706469895991342e-01 6.949201091523617979e-01
3.490542287543926259e-01 5.189448309791763192e-01
2.261406117278759176e-01 1.550722728313969068e-02
7.736233553615636804e-01 1.547608518871501637e-01
8.177092846342615129e-02 3.397381593909601927e-01
6.396814393025633816e-01 7.529421992578502199e-01
2.681893702410200753e-01 5.893544362330448427e-01
4.124737110183742672e-01 6.122418974827300575e-01
9.054613813814369472e-01 8.421121583912533071e-01
5.513876848445028456e-01 3.416152022504063135e-01
6.586188039694351737e-02 8.545796683065398636e-01
8.761716510781356604e-01 3.804311145838306096e-01
5.303603347454393102e-01 4.601605996977634616e-01
8.719669255437892952e-01 3.463159999661867827e-01
7.785624493056148010e-01 2.993171724247717380e-01
9.729590226299600353e-01 1.221748922120062808e-01
8.905963783553153545e-01 9.620971426142725935e-01
6.000337637137177493e-01 2.020297344298765951e-01
9.901212703499384649e-01 8.035421299021624497e-01
9.739807551035444266e-01 5.558716730220948365e-01
7.517151154110653932e-01 6.887070169073875592e-01
5.752643609844055872e-01 6.174978911316924002e-01
4.453172572637513760e-01 2.990103798486043463e-02
8.646851892615812218e-01 1.574473392517595771e-01
9.363144704221455505e-01 8.518305646982610169e-01
4.602834526329633302e-01 9.537255445669715614e-01
7.629238466812124919e-01 1.049931207149576995e-01
3.587638927089848995e-01 6.140658453503039516e-01
7.337535323212274196e-02 2.573976579232768458e-01
1.217578917634737357e-01 9.406970184680852887e-01
4.484444976774654146e-01 3.683918857903358823e-01
2.054009133551184529e-01 6.063424598237224794e-01
9.466920103154686794e-01 8.492314293721827667e-01
2.595557528519354396e-02 1.737596067777235076e-01
8.974279017732680330e-01 8.985578114372312353e-01
9.204133279280684032e-01 8.792931406174624431e-01
1.510037955490812767e-01 9.184719889740258214e-01
5.275191906434073541e-01 2.440497915337233037e-01
9.809553357194341627e-01 7.412753512905149167e-01
5.787818565154388972e-01 3.737823967515917500e-01
2.484481954937826087e-01 2.208647663713935172e-01
7.381338879044412327e-01 3.372149211290637050e-01
1.339599212729817301e-01 7.661778070035751842e-02
5.677681345958089931e-01 2.504039092944799760e-01
8.942359975697288244e-01 2.127632676759868557e-01
4.824436325264664926e-01 1.516600147550061228e-01
7.292905232983518671e-01 7.708716477532563394e-01
6.243416839186516354e-01 2.228812976400921242e-01
3.554860190551397681e-01 6.562534564983735219e-01
5.576126567735252282e-01 5.531967273251003903e-01
8.051469859416149344e-01 2.093847242927990848e-01
5.861569486611851731e-01 4.825184067735380777e-01
5.454600093203360034e-01 1.831592504705270574e-01
5.877779098813843417e-01 1.408038054347493517e-01
4.363685720879993957e-01 9.391489870104806625e-01
7.755035814349400258e-01 6.452189967308957774e-01
8.188547707262270325e-01 5.394162809281152215e-01
9.838057644785537237e-01 2.748425998588266417e-02
7.984596978732294570e-01 5.322195798767402897e-01
1.199147354258901510e-01 6.868990794344466133e-01
1.544079159674778268e-01 4.614995558567916989e-01
5.984385021248074255e-01 2.150096894004555059e-01
2.916138777306309660e-01 7.862574244067901397e-01
6.490487772526967181e-01 4.825173182504093328e-01
8.386311139553748184e-01 4.460114673495833015e-01
8.098034681030926718e-01 6.921232182888606976e-01
4.496326496168374653e-01 9.929277802160940691e-01
3.859593553073141781e-01 6.568666754592369372e-01
2.572270185305549628e-01 6.998651087184248887e-02
6.137833265099614799e-01 6.406002914910623458e-01
8.052316129645741283e-01 4.125029160150263108e-01
9.181977841267646712e-01 1.096195589939918946e-02
4.469903379549187150e-01 6.216683856977767153e-02
7.000375965353394792e-01 9.898145703395555550e-01
4.610106586312068266e-02 1.546327567609732112e-01
2.381007169385704891e-01 1.321137640472082042e-01
1.622070508805592004e-01 3.190647072842736076e-01
1.911507001604344502e-01 3.346414514596993683e-01
4.442451588655487171e-01 3.416694559842391454e-01
2.034719102721828099e-01 5.838728203455573196e-01
7.410461095519969010e-01 4.318447446838876713e-01
5.716201791824816469e-01 7.996071083264051360e-01
6.232118164366178270e-01 9.756854976131423829e-02
6.416058390609641338e-01 7.597980974593084857e-01
8.441306998721630483e-01 7.057321960386908621e-02
7.408370264886481316e-01 5.921064496256098764e-01
4.069574373784257126e-02 7.268207758668739915e-01
4.611275028251849983e-01 5.856370440942713085e-01
9.438407311419068080e-01 1.605251484933315487e-01
6.332796469411964280e-01 4.825785639608060062e-02
9.666058811169853104e-02 2.148058338098948195e-01
6.307612578564243400e-01 6.149332873047884673e-01
4.233611057095200136e-01 1.335924411240255738e-01
2.316184344683067664e-01 3.560177595606862644e-01
4.662848204622883630e-01 6.621298018997490153e-01
6.572195363013129121e-01 4.104399703422449974e-01
3.422391706145960777e-01 1.516775264010057356e-01
3.811574566886807292e-01 4.235780645855697912e-01
8.403184367396331345e-01 3.220028380070908414e-01
5.860970317372324878e-01 6.943654141487618503e-01
8.343969770114229023e-01 2.978551232801752713e-01
5.914866550694675151e-01 1.433640469698710396e-01
8.286633883544558543e-02 7.000164642546909954e-01
5.581314146479599003e-01 7.230689604637827728e-01
3.294614193274013614e-01 7.931213503995060421e-01
7.533888298404101125e-02 7.260141799867658730e-02
2.401058210723544528e-01 3.370935866978914675e-01
1.219210680349100961e-01 5.713612391646893940e-01
5.403930385993884755e-01 6.139581964622033983e-01
8.844672465641831849e-01 3.053100188703361528e-02
7.933720025589195979e-01 4.133515199841624188e-01
8.872695113048839621e-01 2.453654755193768189e-01
6.488304028254803235e-01 2.076963655503817341e-01
6.034298008562273274e-01 7.330655154374097204e-01
1.522274179535677563e-01 1.666288500288305441e-01
9.811441942589529397e-01 8.794605217339279690e-02
9.365891206937315694e-02 5.175463226862532240e-01
3.403009494994493345e-01 3.002454951247415238e-01
1.508781276637184421e-01 9.429209339254972511e-01
3.600550264004038770e-01 3.066799403324174111e-01
1.696353711088669503e-01 2.657495492117076807e-01
6.532205393185911424e-01 3.257118432703774991e-01
6.470172359188067768e-01 1.876649773753574779e-01
5.047312657988944906e-02 3.687913130748127211e-01
4.178938767082241990e-01 7.194264538554384636e-02
5.683922189344560172e-01 5.249453383936945050e-01
3.298623590199397659e-01 6.422925863678229375e-01
4.864725820631561337e-01 2.963683399913703553e-01
6.562132536108089553e-01 4.713113031915735496e-01
9.896881076832357849e-01 2.270812478234688347e-01
7.192740135538921997e-02 4.668701946334663511e-02
9.275802016030714192e-01 1.764507474114241914e-01
8.132846985206272361e-01 5.472200333240218040e-01
9.050766975271790082e-01 6.386756167759056746e-01
2.067793078876882795e-01 8.831060120948440728e-01
2.786557582313029524e-01 5.974880239740549825e-01
4.445705160356022700e-01 6.106823492840800505e-01
7.849745239470429237e-02 5.379606548443414127e-01
5.893106684153404107e-02 8.944767947203171587e-01
4.913950676875500356e-02 7.304349370560172527e-01
1.809430469586758017e-01 3.902832719264867078e-01
3.239570623682280770e-01 6.932976244107554864e-01
6.598635676331083832e-01 8.631937943910820144e-01
5.031032126365233559e-01 7.506305581357304302e-01
7.613501379599034724e-01 7.536652356830957356e-01
1.674586056849206583e-01 6.211800254958963485e-01
5.797155505066443615e-01 2.318771791318375852e-01
1.970538911219891220e-01 5.783623045544663555e-01
4.426756732724904664e-01 9.677151688014561381e-01
8.783926116586914246e-01 1.388197058809793605e-01
9.554785712024068678e-01 8.640195496886704518e-02
4.975326800751117551e-01 9.824069849741641214e-01
6.345404700695718159e-01 1.681969188663057224e-02
3.430406479484866544e-01 6.916725006410068266e-01
3.550769265425156584e-01 2.834329185377040261e-01
3.056232095854889419e-01 7.403041871200177759e-01
6.692218017792590512e-01 5.247777445965500220e-01
6.558237280834909866e-01 7.667821560543024439e-01
9.355796099588100656e-01 3.838404129408033993e-01
2.927538641182437784e-01 7.688471061152213348e-02
8.386919207533515275e-01 3.054745074855389486e-01
4.094333260903785243e-01 8.702937987149016452e-01
3.415348342571975504e-01 6.314252075465941472e-01
9.971077473094027699e-01 3.821936112309277656e-01
3.208576981496850111e-01 8.126734610981923845e-01
3.245589187477849746e-01 9.118689522254095348e-01
9.918424630353049887e-01 1.812437434655855828e-02
3.190547983170679558e-01 9.933845024217407005e-01
4.489122535637093403e-01 3.780750993735511045e-01
6.076741146037049068e-01 7.719469649261190280e-02
4.870904080260765046e-01 7.165895574165668247e-01
5.467627086624851085e-01 6.894279275316972377e-02
9.735101523633238330e-01 8.463010649250329864e-01
1.157629513706746049e-01 9.944596717210774095e-01
3.555826764357851166e-01 3.577467096469302277e-01
9.048584645165543838e-01 6.686566174436436860e-02
9.176743752560941880e-01 4.079081642421839016e-01
7.915635262860838406e-01 6.892309814019063063e-01
4.914062929166196358e-02 6.289393100603062337e-01
5.496563197524899635e-01 3.969498044683348326e-01
2.444060924435165205e-01 5.851411108704909214e-01
7.628161016904777547e-01 8.956806390376507165e-01
5.471462473768594625e-01 1.578293952897914521e-01
8.715771669513027176e-01 8.647695244028439365e-01
5.282032140465603431e-01 1.704417053644572411e-01
4.291585047424331112e-01 3.754847195414672267e-01
4.820379343713718789e-01 5.828621573004401091e-01
4.068306476007145234e-01 5.951298497654923247e-01
4.366900934663895395e-01 3.516338155608926819e-01
3.177290734004506456e-01 7.241726907167546079e-01
8.025098003027842930e-01 7.108890135682218725e-01
4.085252209596769157e-01 3.634408613816723088e-01
8.222316920405607910e-01 3.519240442790911860e-01
2.272351370828825656e-01 8.697562884501653935e-01
1.828013698785805330e-01 1.168160170937919684e-01
2.486730530095131453e-01 3.533195094601124797e-01
1.294849720153155026e-01 4.011095968293090230e-01
7.934087377723179069e-01 3.082174186998227761e-01
1.933587570098609376e-01 8.515178897927189183e-03
6.208572103442554502e-01 4.887435942394158239e-03
3.187089773873785781e-02 5.120218458003760187e-01
1.856057029038868933e-01 6.385781506897909576e-01
8.770895607930224713e-01 3.223341037568605572e-01
4.227301450921914228e-01 7.927571401418294084e-01
6.719050242669732942e-02 7.409459496796498845e-01
2.323611461367341979e-01 8.822300088180604627e-01
4.052153406720958584e-01 4.862922811366596765e-01
2.298547200494246434e-01 1.774297381504938986e-01
6.466071431011632953e-01 9.723796545414349346e-01
2.769831099934370044e-01 7.515907552713064765e-01
2.189604885431939429e-01 7.722375094261925144e-01
7.881396524136318193e-01 4.861972418264227658e-01
1.282278707234599802e-01 2.783227821771105948e-02
9.356541575311355663e-01 8.158204152974546375e-01
2.143876332601055701e-01 9.075739838156997585e-01
4.396179271287152801e-01 6.871866444857201994e-01
7.516510078487957935e-01 9.734246253345484323e-01
1.718926735353565327e-01 3.267167713540818363e-01
3.667467416772860478e-01 8.460809926276496862e-01
9.459805971659461798e-01 6.265540183948155040e-01
1.234068153807572621e-01 5.040688042202701169e-03
9.534340560720270252e-01 2.369900330311847103e-01
1.075542569121381575e-01 7.892463767110305950e-01
5.716468842142027329e-01 1.089503385138299585e-01
5.227997925460597939e-01 6.494453918520204372e-02
8.055506070341089675e-01 1.811867584823998456e-01
8.690248666341461314e-01 1.905716816746749753e-02
5.808760410388646989e-01 3.759229170080004012e-01
3.493777834546508698e-01 4.857243259679168146e-01
4.523176300826210472e-01 7.713557387762035589e-01
2.889365841982011185e-01 3.483709333892711646e-01
2.180670572025200649e-03 3.809190094081521538e-01
9.450871142125716329e-02 1.837280464907463662e-01
6.888629737054752233e-02 1.461207983798903376e-01
3.603182979716786916e-01 6.258524716889191097e-02
1.833459059897892818e-01 9.101156924095449297e-01
4.640716034560476988e-02 3.597538933809757422e-01
7.290765703571097101e-01 6.449030736210832337e-01
9.058093071194576185e-01 6.625313924158074963e-01
6.280206174845212042e-01 4.067905161251184065e-02
4.419244842249616667e-01 9.474647438565925173e-01
8.449821555505858672e-01 1.866767871637027287e-01
4.730397637139887035e-01 4.590868005005575014e-01
5.150744864193160799e-01 5.389838262610207043e-01
5.647830632311423571e-02 7.523400645168615286e-01
9.789253850492896092e-03 1.265975642428374126e-01
8.003484496415493865e-01 5.152763744031284565e-01
8.313045921758199786e-02 7.362528955452696255e-02
1.409658842218926011e-01 3.187628005683107446e-01
5.744825628038013887e-01 2.937621098359572969e-01
5.562399779409868961e-01 6.012455681936405005e-01
4.662827083545868501e-01 7.819443547723786692e-01
5.549832732911339495e-01 6.112875932726977712e-01
8.654961653399119159e-01 5.462274647560237950e-01
4.058270511126766955e-01 2.795345643743890607e-01
1.656233297250286896e-04 1.533296163465494022e-01
3.715167680040303289e-01 5.933769131707575806e-01
2.191506597672344681e-01 6.860376458729808835e-01
4.261452770628271214e-01 5.819682024641037454e-01
7.494052033201564766e-01 2.374108215128087895e-01
4.788020543395592465e-01 2.368997141042920029e-01
4.356687749215215621e-02 1.858347036829021137e-01
4.670938229556533816e-01 2.009052748795742138e-01
1.819699359817996687e-01 3.889912964227021375e-01
6.099205005620089715e-02 8.767394910782334572e-01
2.673047595992621428e-01 4.698407358236527109e-01
3.291043850852216623e-01 2.756565773765836669e-01
7.256746330674368473e-02 6.289617311270201405e-02
6.976053346823903878e-01 5.639536158269400357e-01
2.981374621736887498e-02 4.431521884705629244e-01
7.157973554222615276e-01 3.917371167760279604e-01
2.926381538009533712e-01 7.908373478738769391e-01
8.793045959745020568e-01 5.747871943154557739e-01
1.467800634987337371e-02 4.461032257160513215e-02
5.249201393035144436e-01 2.526256294688697945e-01
8.729456603632573808e-01 8.318381882821195283e-01
5.946389716267234116e-01 9.495756056675459522e-01
4.717523067397240144e-01 6.039249659101981749e-01
3.874242293471485965e-02 3.257612527145434811e-01
8.511581545477142630e-02 7.231073944074911664e-01
6.945595430004019022e-01 3.131335652478195453e-01
6.445091470280761570e-01 6.210908522814551080e-02
6.774603310983812188e-01 9.011913483475756381e-01
6.116961877389825997e-01 3.958051669390358906e-01
2.494357863153016108e-01 4.922239803510652933e-01
3.729605424928550406e-02 7.455219598083810961e-01
2.646868534527128114e-01 6.939948117129480787e-01
8.382095759092680343e-01 7.234896018843807175e-01
1.726802500877540059e-01 5.783519753130896834e-01
8.856055160347249267e-01 7.674942684630109424e-01
4.982966758598343926e-01 6.289417544970882235e-01
7.465664488556862377e-01 4.001732522153129690e-01
1.270800188573454337e-01 1.853507887219245642e-01
6.496822094585680274e-01 9.494650003610365374e-01
5.687211491266843666e-01 6.318103010260174290e-01
6.712506767801367236e-01 4.497104563414748846e-01
3.616378846238998968e-03 4.839418920378879552e-02
8.676201917476390468e-01 8.776452359393787095e-01
1.261024850836649502e-01 9.878728825526256196e-01
6.573402668816138439e-01 1.405365132503727521e-01
8.531934630655452212e-01 1.469173385886803906e-01
7.834561504818787769e-01 8.968448927994772113e-01
6.315234727248780766e-01 9.662132498771994760e-01
3.129103614967339020e-01 9.625663442854092144e-01
2.538300173686582895e-01 1.728666030142148591e-01
7.863402064179517703e-01 5.738660541269701154e-01
3.198759486288293985e-02 2.920895055827043008e-01
6.648799002012522052e-01 4.199811241445760013e-01
6.932795223378385163e-01 3.728022047153143337e-01
2.034849425653122434e-01 4.324843516386439601e-01
6.443118314460506424e-01 4.826543856307367042e-01
7.446939348786221213e-01 9.504559637126787086e-01
5.578082551572474124e-01 4.614766392179185939e-01
2.599621268657137385e-02 7.346383510118625892e-01
5.612077786270828206e-01 4.794188043684112221e-01
5.318962087241086989e-01 3.453511162091882358e-01
2.643742505826415234e-01 9.973002922155294048e-01
9.217405285773140333e-01 8.231351282233279054e-02
5.423562634080272282e-01 4.192019966244954210e-01
6.759627367986040802e-01 2.975762367213009574e-01
9.912345382096794388e-01 8.616110893853562436e-01
7.426011523909892276e-02 4.538577710740859805e-01
3.941528003977348149e-01 1.160983301122456846e-01
6.878516718018073961e-01 9.046502819534196771e-01
4.791757263791369681e-01 8.171468409117019771e-01
5.254229332504090078e-02 3.814819370752791095e-01
4.252485461631292374e-01 9.036080797246238694e-01
6.917306039515480620e-02 6.338335605711129528e-01
2.244810690228590255e-01 6.832709858955076099e-01
3.188511655529419064e-01 3.965641844810203764e-01
5.619172763303066365e-01 4.457178702222401867e-01
6.084554948457594481e-01 8.541188066271331314e-01
3.872991170531316918e-01 8.328491890964563327e-01
5.962555587907369947e-02 5.606952758254332148e-01
1.848923706765083219e-01 7.282483383025258883e-01
5.733872369212580367e-01 5.192598630980784780e-01
7.230927626110703610e-01 9.718548502467834194e-01
1.634958108884977390e-01 8.327964877657967335e-02
5.680500986592138535e-01 3.915209475002533468e-01
2.365436248834138500e-01 6.996837531391534304e-01
7.808098247594197350e-01 9.341355405699452996e-01
9.540600811060865327e-01 3.262622530505329133e-01
7.673625642162918981e-01 2.230807541079473655e-01
6.024623406979577878e-01 3.947648556935889896e-02
6.762433741890658823e-01 4.751770119936082892e-01
1.987077251147267853e-01 8.576151184839181374e-01
1.635202903209800329e-01 1.341097420399062212e-01
3.027491633330301468e-01 8.115562203213416703e-01
6.125986601413911936e-01 2.828055075295679011e-01
5.311503072524770275e-01 8.605409885655426194e-01
2.838148652944294525e-03 9.826182836081821526e-01
6.367493623067976838e-01 1.254188793542123648e-01
2.587842465958603011e-01 1.949372127969850599e-02
7.783517259165898539e-01 2.689181320528242214e-01
8.997673878786081048e-01 5.320799472033105326e-01
9.771587323063071207e-01 1.878344721259972427e-01
7.927372835446430122e-01 6.503942893068591635e-01
6.503676293824112165e-02 6.498311870607135221e-01
6.000919838545690776e-01 6.728342618932244834e-01
1.868158056074200601e-01 8.614988313715427060e-01
5.623843417482662366e-01 4.519555419389531536e-01
2.883749615505423192e-01 1.112470754686523122e-02
9.979016254662312901e-01 4.296753279699746519e-01
5.255473369035191800e-01 7.642327574683780433e-01
9.299649872644468740e-01 9.723307467134549853e-01
7.788795934377160668e-01 8.871437427587930413e-01
8.884795250240486997e-01 5.428727582362069537e-01
5.946140904469352506e-01 7.496112173898157316e-01
9.875489105262235112e-01 2.882207566788719255e-02
4.123825323179246549e-01 9.759717154925866556e-01
9.663516477544320527e-01 3.549226810023494716e-01
1.420403387771947967e-01 5.591800527413083310e-01
3.695108509811805275e-01 9.269590667136040629e-02
2.941496810578013710e-01 8.401534385021370843e-01
5.862009127364427030e-01 2.200979967806759863e-02
7.270340495613535348e-01 1.987891545426812012e-02
8.584585119673557863e-01 6.861294188592729215e-01
1.732239042508192384e-01 5.735917286169248674e-01
9.511528511778514217e-01 3.177250509997263661e-01
9.129541525436102312e-02 5.466345513620073371e-01
8.765336110794342828e-01 6.725489500520565045e-02
2.706084365780834222e-01 7.222652030265268586e-01
5.593115988070299638e-01 7.206219822249786411e-01
1.428125778947826330e-01 9.699168499169427138e-01
9.705157666568033914e-01 2.582665660926281026e-01
3.140757013736670267e-01 4.282569391898186639e-01
4.743620175040902387e-01 6.624723586591130253e-01
7.824511559683616779e-01 2.959954656924569383e-01
8.052523744762821734e-01 6.750551654948913072e-01
9.741158823177044068e-01 6.427471158010814589e-01
3.469828325578586670e-01 6.428857825394683756e-01
4.123397606760159650e-01 6.347929939777542385e-01
4.561466759979136976e-01 3.145025377077281803e-03
4.722857882671624985e-01 6.005202994636458236e-01
7.895462339708607669e-01 3.546169241495483737e-01
3.082015511207863989e-01 8.952247834987305808e-01
9.239661943348942419e-01 7.408528548433286343e-01
5.730992494948323746e-01 5.138520468339337066e-01
8.383942437658296054e-01 8.787930556570051621e-01
7.541695421377725417e-02 9.470585548084402561e-01
4.177440661978587544e-01 7.381871859027588911e-02
7.143800732366033523e-01 2.608326201039707914e-01
9.063126210241534420e-01 7.728230934933653096e-01
4.226737994560227918e-01 9.232879251687220457e-02
7.310091773527407355e-01 1.150770428793690403e-02
4.962056767427973636e-01 2.191374322021902854e-01
5.108594428146795430e-01 5.702845968168723800e-02
1.807621917564979919e-01 6.039818015708399157e-01
4.502780321077018977e-01 5.922814599924448586e-01
6.752906431273100196e-01 1.183066977853811652e-01
9.786198102055759795e-01 2.047479683534124684e-01
5.477521803436158354e-01 4.342406360559890599e-01
5.357826604319726460e-02 4.381254997334589341e-01
4.038786683677260125e-01 5.799353128073853059e-01
8.684091827447815160e-01 5.602097400430662288e-01
8.295715271512402733e-01 9.320449941220499968e-01
7.584769234357170431e-01 8.461649075155902588e-01
6.988543608354006453e-01 3.109437455068626566e-01
7.693755853590842353e-01 7.992029321213327542e-01
1.562311133371019345e-03 7.439710731151298884e-01
5.344879530014469138e-01 8.120422273763805432e-02
6.418753578347665689e-01 8.978063866810410687e-01
7.008815316422634112e-02 8.689007605936776013e-01
1.690652594285435573e-02 6.968603846772419841e-01
9.327279134078551026e-01 2.991185130428164474e-01
3.836041527989709765e-01 7.589568218261983912e-01
5.668460594782587236e-02 7.623074684739451490e-01
7.392568881042034246e-01 8.583791783016269106e-01
3.169360073109055431e-01 3.203637365301615914e-01
1.032219360939423680e-02 1.801958307951908589e-01
6.835579069999103696e-01 9.894600283512369199e-01
5.791166495796743474e-01 1.850377681662128682e-01
8.892395111821710385e-01 5.111053699113684567e-01
6.331895971537926382e-02 7.903866427377109760e-01
3.335999987516689025e-01 8.940982143919113945e-01
5.310426144877322674e-02 1.207388278568878315e-01
6.443773147935318857e-01 3.690411843969887418e-01
9.370256610899471150e-01 9.912558848314938498e-01
7.692064145031141109e-02 9.861048174418440837e-01
5.353893083122329699e-01 3.241314275400727363e-01
5.262684650689831711e-01 6.331930817122226607e-01
7.989262199673798914e-01 6.557818439574968350e-01
4.985529063685395501e-01 7.055029258979750306e-01
7.526565161909982704e-01 8.859891609551210356e-01
5.251142418250709376e-02 4.433028209496522321e-01
7.437193061086120327e-01 6.136199199349799960e-01
6.785688930645623618e-01 1.828914820987097567e-01
2.770336954894869752e-02 4.565863363394219165e-01
8.334697413712379710e-01 3.867452566437369343e-01
4.680189890824079102e-01 8.561867185126076363e-01
2.101370462648070037e-01 1.978991886951357859e-01
5.078245466074915448e-01 9.087543189007817324e-01
1.928317717321152980e-01 8.823386271030532191e-01
9.843614255456529794e-01 8.632500340017972285e-01
3.188661703325518237e-01 6.981561262952092894e-01
3.724808597296086488e-01 6.519110259314232492e-01
9.506184824745020912e-01 1.948190414522599223e-02
6.460489373901876498e-01 1.614978298693237058e-01
7.654521286452561357e-01 2.633852937837732888e-02
6.990097265067189980e-01 7.486794931580313950e-01
6.830317053278335271e-01 6.047796751621703493e-01
5.756275788029426854e-01 3.574653949071397996e-01
5.134907968519758503e-01 9.380514035097835546e-01
4.106131214376012029e-01 5.493616748914043058e-02
8.940758501698597982e-01 7.843524014531447763e-01
4.535034450572466014e-01 2.564836066263087577e-02
9.139930723265459189e-01 8.201195386623457706e-01
1.078974242666608241e-01 5.603959674109230127e-01
3.218844624995569337e-01 3.512616773932908387e-01
4.848717366489958547e-01 2.031746268601256622e-01
6.132271604048857849e-01 6.183828016958982099e-01
2.252656706604082570e-01 8.855622357166582637e-01
1.252125884282215829e-01 9.754618627625688543e-01
1.789344822657580325e-01 1.774301098985653358e-01
2.205303072560862443e-01 2.605998119848333960e-01
9.105087307206439773e-01 2.755536540920918709e-01
8.034605493632889228e-01 9.397554592523028605e-01
3.881625413257850932e-01 5.063161838389955705e-01
8.929205597045420939e-01 6.358447476971531565e-01
9.333014711714773259e-01 4.963326035174269180e-01
1.949175930227003972e-01 6.404226588676059650e-01
9.886252440352659709e-01 3.724502856087035241e-01
1.151726588348439551e-01 9.796233304024855038e-01
1.527799977227193295e-01 8.613206405341572447e-01
4.564612876823772591e-01 8.888533694280700281e-01
1.528976976595149972e-01 3.413607258755932961e-01
7.145571846755039980e-01 9.110359262012941439e-01
1.937659122742471096e-01 6.911007986828161531e-01
2.034606406245784704e-01 5.096731782832462088e-01
2.171370952798212794e-02 5.093230670834315577e-01
2.329377268458677763e-01 5.247535232124554971e-01
5.853737332790417414e-01 7.183986184507092920e-01
4.534332827834285373e-01 2.078156763362249970e-01
8.968911879193505188e-01 2.601562937932332398e-01
3.518734583448327458e-01 3.296042869180386692e-01
3.887146393622930018e-01 5.466281242146547870e-01
9.264963798296170783e-01 1.413082005864635393e-01
9.715692359155025937e-02 5.467577183834001486e-01
2.913238903301825777e-01 3.587142312497876295e-01
4.470983931828422797e-01 3.047778141747725655e-02
9.417209542843288927e-01 9.179430906969240356e-01
8.445043693137750385e-01 1.755403502242730562e-01
8.595135680805784384e-01 1.113836056957639986e-01
7.203371449651435610e-01 9.290088943945888911e-01
4.260483348636971979e-01 3.068540113508821943e-01
7.842934541634455359e-01 6.020284086237157606e-01
5.325989364204375409e-01 4.846630820498756265e-01
6.527138602419091384e-02 9.757043357207850764e-02
6.534520076335584848e-01 2.270268000198046865e-01
4.088809676011905259e-01 6.201581492680781071e-01
2.276422206013504201e-01 9.854547043830177433e-01
4.420376122202988034e-01 6.399247071152786015e-01
8.521748431873885643e-01 3.957081252569863983e-01
1.139648588104239524e-01 5.709707842298532565e-01
7.851756827604862155e-01 6.323996828620768174e-01
5.304985103554076264e-01 3.873516914021032376e-01
3.303005352249744897e-01 5.901680406374572030e-01
9.884472142079417933e-01 7.877846671108557075e-01
2.555039337978792791e-02 4.294675834377951196e-01
3.288396457111952831e-02 2.471784937600715049e-01
1.670235699857968159e-01 7.839650885186264517e-01
5.607499138564134844e-01 2.838658675415184351e-02
2.650105749491711293e-01 1.187389768670459311e-01
4.326275538112339669e-01 3.377032265074403350e-01
3.220219745689006929e-01 2.473432361559816384e-01
6.316494494712292518e-01 5.926114427083332137e-01
5.169709132299106225e-01 7.549697068593186344e-02
4.998864028747536103e-01 7.908043452008038932e-01
8.241616134966760487e-01 9.375268580954413400e-01
9.299718530778861014e-01 3.645684971489440152e-01
5.570409454014511041e-01 2.838627820687037451e-01
8.918708129162324916e-01 1.812779518812293045e-01
7.563870280409213942e-01 9.181432722254807555e-01
8.464496082568128132e-01 2.141754488796854261e-02
3.872057080840166643e-01 2.063839678250123377e-02
5.858671737152817416e-01 6.857663098282259506e-01
9.539700088876190698e-02 5.088106468730967391e-01
7.357352769727585340e-01 1.699161967066962209e-01
8.815445348731931752e-02 6.680006379577217990e-01
2.195718643775375067e-01 8.995441193158764115e-01
9.831317784795149395e-01 2.956862043086718739e-01
1.249625564369138964e-02 5.428249859446365733e-01
7.702978780628841893e-01 3.221792971632700953e-01
3.967388995835013921e-01 6.584267084649348956e-01
8.289913509399224889e-01 4.010311847345793268e-02
7.748840207464320340e-01 3.934077764993040294e-01
4.641018282990904131e-01 8.736940174951280946e-01
7.339275026844939154e-01 6.322025347095990844e-01
3.720136676355157990e-01 4.078996779498039738e-01
8.419657537074163312e-01 2.002607889387342244e-02
4.954830531138665339e-02 9.627299552073848021e-01
2.401220617362026521e-01 4.631407804395081262e-01
4.451563240735563198e-01 6.993038537781826047e-02
3.455185615364351204e-01 5.052702244909400564e-01
5.412845642009521674e-01 1.957569672356409551e-01
1.610882514739639948e-01 3.731036517051700141e-01
7.355100281558946129e-01 9.010467416864414991e-01
4.991574081972409704e-01 2.710650422951254024e-01
1.907963955786144972e-01 5.710738327181608120e-02
3.401619321659898887e-02 4.041712405463706581e-01
6.765142414797062909e-01 7.561982301040234278e-01
4.396486302913489297e-01 4.928653829655442742e-01
9.149416683709242770e-01 3.082004719782053259e-01
7.796291049076605750e-01 8.072402118108384927e-01
1.371444427531081089e-01 9.682550444002547829e-01
3.969958013556362797e-01 4.567062297945917448e-01
9.047211388962396184e-01 5.139789685286907384e-01
3.543207168693296438e-02 3.748210206076418860e-01
3.003820770237058957e-01 2.411042373131225824e-01
9.523306576568996151e-01 3.058307330791710799e-01
6.222301442978298569e-01 7.612242701766100961e-01
3.756107086002523632e-01 3.438846668874873114e-01
7.316171488174552096e-01 9.760065719839686738e-01
9.501397010556439371e-01 4.153051314900588764e-01
5.868675099302506082e-01 8.347680794646420432e-01
5.514278957892995159e-01 7.804702041440814142e-02
2.194283302552604287e-01 8.957639649180917374e-01
3.382430942597455248e-01 9.119740558688996801e-01
5.339612981280190684e-01 8.222398794322297588e-01
3.806739146491227022e-01 8.262739151457922926e-01
6.868656372941908117e-01 3.366880041105155819e-01
9.499586015359184898e-02 1.469513324611450011e-01
2.844140121991415304e-01 5.353140134262857064e-02
3.638397383835023646e-01 1.953081659091657762e-01
6.039731720820727956e-01 5.172239799612009525e-01
7.651610417304971490e-01 9.525281946264219091e-02
2.721268985602690593e-01 8.871882208374023415e-01
5.456201436736085597e-02 9.532437522527452689e-01
6.435305073398974729e-01 8.189864453883852757e-01
5.649949913606286955e-01 3.589637933833325079e-01
1.149799409213430046e-01 8.537069205500726898e-01
3.985396292576337540e-01 9.041773874767132790e-01
5.251326066395962666e-01 3.640481754102377066e-01
3.123249030117750680e-01 3.952112964976436382e-01
7.654369322786725993e-01 8.999859497957671817e-01
4.237988298690261724e-01 2.534786642694230041e-01
4.760572064664334579e-01 6.526749968172378402e-01
3.872188773540334861e-01 3.854599620029617313e-01
2.244335409469531140e-01 1.273662105119773846e-01
4.419040302446416435e-01 1.125881583591922253e-01
2.992953361430789050e-01 7.724858489281758445e-01
8.276421205749103782e-01 6.008399187291305621e-01
3.620479900773811988e-01 8.123330315589845085e-01
2.795698036207021620e-01 2.955361005152676857e-01
7.285622211669923187e-01 5.805391596174190871e-01
4.486582743284384112e-01 4.534584865325607117e-01
2.909625544912859407e-01 8.066015003465614175e-01
2.546499980418792664e-02 1.602829917294157358e-02
3.819409594770921679e-01 3.437098853841912272e-01
1.732734044836525822e-01 2.567182930339267921e-01
4.529997426224855461e-01 1.245342159917017799e-02
8.054658261793082863e-01 4.497769796116244390e-01
6.300326177038015896e-01 5.289312260719200021e-01
8.790320748105169280e-01 4.958211227137837573e-01
7.906467875482318108e-01 9.205902934577795405e-01
5.023140352839028377e-01 3.420806465017711684e-01
1.348244017849158372e-01 3.510073487201703646e-01
9.387825662411923844e-01 4.519726943229877003e-01
5.404279228804181878e-01 9.659103615590965974e-01
9.470035945216763729e-01 5.311604850985651716e-01
3.687280773559534763e-01 1.060737883046950492e-01
5.390377850905115897e-01 6.466361827935862561e-01
1.601666765781506463e-02 1.006713362080843277e-01
9.275306453013677510e-01 6.271526910919056341e-01
4.777026637880315008e-01 1.969148637247453149e-02
9.718326890087098935e-01 8.205801462764121812e-01
7.525464200184307506e-01 2.099855895322978450e-01
8.693932168350981815e-01 4.441611203244488770e-03
6.972216142506513226e-01 8.440994402264553331e-01
5.803566728271202235e-01 9.943294025190353436e-01
1.555440069003726222e-01 6.829530649530453079e-01
5.874044519872247960e-01 9.204975849065710758e-01
9.723207408444156652e-02 2.717164576502009155e-01
1.940319728706783042e-01 7.696438241253975576e-01
7.671163652199932681e-01 9.525252052743506948e-01
7.489685479025497417e-01 4.769664754063988044e-01
5.617923167047731425e-01 7.777433367727905056e-01
9.346111602411825148e-01 3.159612118278679604e-01
6.168404657574002581e-01 8.732324691797005434e-01
3.939792557737582523e-01 1.901973157961400762e-01
8.450094738173541398e-01 5.151400084019861492e-01
2.087872461828150783e-01 6.986407377107332062e-01
5.320114643968846257e-01 5.299549782621205685e-01
6.904961466353968236e-01 5.968861009294628150e-01
2.647042210012950925e-02 5.304097825677347444e-01
3.219786035974495642e-01 8.206331223436924560e-02
8.214309525471232831e-01 6.405668196367646505e-01
7.408635089372134219e-01 6.566015562361809943e-01
4.974261119962407607e-01 3.631871018916418281e-01
4.555395250711816724e-01 3.641286517088091479e-01
2.523888336242909869e-01 7.027279535338775140e-01
4.564440398490619000e-01 9.380775641594489844e-01
3.212105481201303903e-01 6.060114393123150478e-01
6.367930816465381394e-01 6.698875337968104304e-01
9.042538615919532008e-01 9.081787178432056962e-01
9.151815718329551208e-01 5.279408709967878810e-01
6.881081682583799486e-01 5.675363812365674665e-01
2.915779943660845586e-02 5.773617990138834033e-01
9.018155516890965506e-01 3.879530770470723811e-01
4.466189549617990417e-01 6.795413601052070485e-01
4.918631794338454988e-01 9.083328652100542966e-01
4.496076898546434997e-01 8.294311515635467424e-01
8.460847502824989652e-01 5.150648465722326153e-01
7.923730132514092972e-01 7.994075097934707497e-01
5.757743147613262336e-01 8.435298913167988966e-01
5.772970716968006677e-01 7.489704892691428917e-02
2.916400944915050752e-01 7.541601009880964934e-01
3.873419791203560614e-01 5.303172713320057907e-01
4.998378052787701975e-01 9.830478695101354525e-01
5.929705715400048760e-01 5.637847704385375858e-01
3.970884377154459965e-01 7.298751096412922079e-01
8.029029700255840840e-02 1.538736666572823042e-01
3.531263766188383890e-01 8.079211513402444478e-01
8.360053137623718600e-01 1.573862451422849418e-01
2.762838525288489055e-01 2.895590822279154875e-01
7.053653205606930099e-01 9.037466307717398895e-01
6.006522612507615433e-01 6.049805497599958226e-02
3.225626101773946264e-01 4.074486382773080395e-01
7.923478928313811842e-01 9.380772530658012531e-01
2.231463449343729089e-02 3.475017272838744065e-01
5.009607806880486125e-01 5.427991332346500108e-01
3.862571720619530913e-01 3.339386818448513150e-01
1.742530832006582431e-01 3.718218241213779862e-01
1.537440577144000287e-03 9.663714540087241511e-01
7.539553082679569807e-01 9.467150427529082979e-01
9.688290678232281961e-01 4.535616249793754662e-01
7.656911982180343301e-01 4.660624187921185158e-01
9.555751915882539915e-01 6.772646916591117394e-01
5.866792829824866162e-01 1.821204125236974836e-01
2.047516184802622430e-01 8.894327037565565863e-01
5.671939339570124528e-01 2.561842806976898368e-01
7.898726904258276393e-01 5.886494976070716367e-01
6.390234009510508129e-01 8.031201089906111479e-01
1.251894341793315935e-01 2.444092578904538682e-01
5.003295814678684339e-01 6.560788550195972846e-02
6.705552988036675988e-01 4.922992822618502684e-01
8.947695264069988053e-02 7.729130144922925494e-01
4.270181548796261328e-01 1.762563865846223932e-01
2.850121535422847074e-01 1.320352954969601367e-01
5.518351400043846056e-01 2.530804097903581740e-01
5.467539691098770582e-01 5.002629453262514847e-01
6.198364436570493741e-01 9.337712146823247128e-01
7.619650787787219937e-01 7.825309716929887971e-01
6.777126008906365628e-01 6.867714939955419373e-01
3.959157305544543926e-01 7.529131026729064535e-01
8.358889893799811288e-01 2.991160781631766463e-01
4.028683126560387295e-01 9.962556128331435668e-01
6.271787589561585996e-01 5.479231023158007696e-01
8.672341130377435592e-01 4.080076843101624329e-01
8.302733694052256697e-01 4.773870022448746253e-01
2.342272023805176406e-01 6.249163488850077997e-01
4.521991175343165192e-01 7.467724694465683877e-01
8.762332322274911656e-01 1.248785648756717270e-01
8.159424990872711225e-01 5.451625817339218472e-01
9.818569112399611054e-01 4.910600985685659170e-01
8.804717070783676380e-01 4.353041865149767098e-01
4.041029581227674194e-01 2.555607646764026519e-01
8.582875031540279087e-01 9.179415526980351236e-01
6.638819290633225512e-01 1.069518586243809466e-01
6.197003844451477450e-01 2.022956526936247057e-01
6.766330906139761403e-01 8.479287783782433197e-01
9.609574763502387595e-01 6.023059882768365680e-01
6.476730215552510828e-01 5.955954215576317878e-01
6.212661635983955932e-01 7.094977535205704289e-02
9.256569862315854325e-01 4.234968763452748863e-01
9.503134940990100032e-01 9.687170126117969904e-01
4.428133030011378590e-01 6.798455959928885184e-01
3.716672943228760406e-01 5.649474234776763470e-02
1.853270826828166129e-01 4.162749273873551648e-01
7.164305011613645302e-01 5.652308141061751501e-01
1.444197215065088358e-01 2.943895214290489504e-01
8.740003249553259801e-01 9.667663743965079215e-01
6.507163907586210883e-02 7.734971680943706351e-01
8.805032865715811674e-01 4.981222189483861529e-01
9.838121222181974712e-01 9.092720546400605564e-01
6.535803320775921410e-01 7.307116455450824999e-01
6.733787574209162408e-01 4.615784453800014786e-01
9.557104459880647607e-01 4.299650496782889686e-01
8.613487973338601611e-01 5.297541675311235876e-01
5.164134806177289594e-01 8.351579314487069805e-01
3.328085253821102540e-01 3.650878871665009795e-01
7.178304506199196799e-01 6.827693942408409322e-01
3.651211551121794630e-01 2.952846593848792445e-01
3.343282108166470978e-01 8.197217222952275506e-01
9.310142001888318530e-01 3.134435861442990134e-01
2.360163367025477354e-01 4.651597340613683462e-01
8.722240859226252363e-01 2.523319587635225458e-01
1.029563071421655263e-01 5.482985307752658022e-01
3.191712315653075782e-01 3.006699464326259008e-01
3.648922804606022918e-01 9.998410913984384640e-01
7.169774639501415026e-01 7.495304248694719673e-01
5.283717189776593326e-01 2.343793349284442051e-01
2.908351368231245626e-01 6.602458191212978722e-02
1.720836045791666047e-01 7.348904222834529154e-02
7.552109527189008187e-01 6.187342930768013893e-01
6.894273004549577033e-01 2.649869158172568628e-02
8.240419994331723563e-01 2.453049755460237069e-01
5.017765380257311891e-01 6.238454070415827557e-01
8.313272261629854887e-01 8.747169917081200063e-01
2.223149511054607341e-01 8.697548521398855703e-01
7.584026410711343091e-01 1.253656438592478661e-01
4.211072831867295196e-01 3.221678247412482765e-01
7.073161640544917139e-01 3.189532305881449536e-01
5.155166850400050294e-02 7.021349186112729734e-01
9.547135978448199056e-01 6.031025290497430413e-01
6.736223089184832924e-01 3.571270607645080641e-01
6.608686800663376992e-02 8.510631034021242103e-01
7.125272902029822220e-02 6.407040671814081545e-01
8.552269247314414624e-01 7.917543997548027734e-01
5.086244593153577132e-02 1.387801841377860335e-01
5.497021553284541229e-01 1.450274203890677960e-02
5.491423039292472330e-01 2.590911336869150539e-02
8.752771032943840179e-02 3.932216829517165557e-03
9.486021469980027154e-01 4.980895030763350384e-01
3.829626530625684921e-01 4.872014669181758961e-01
4.888169983462377077e-01 4.988554049048932182e-02
6.038238393783194047e-01 6.118175115114000695e-01
3.961538008459331017e-02 5.057559634221753253e-01
2.740626594885215983e-01 2.951204805035156920e-02
8.160766195179294247e-01 8.514584968248062324e-02
4.594685660986892461e-01 6.022534388285079032e-01
5.323026647364580421e-01 3.792863943919688730e-02
8.297056061544987315e-01 8.835468864435891412e-01
9.446040338151039384e-01 8.656771361852565461e-01
3.518855981832470503e-01 4.663640550209395830e-01
2.344851975079734752e-01 7.601081941487332072e-01
5.285716161858320383e-01 4.237536719474529479e-01
6.619718045129220352e-01 8.248914876587309930e-02
2.501911123706895834e-01 5.782486684067461580e-01
1.612646541035936965e-01 1.777805160427797793e-01
2.800905840314679152e-01 2.279235902703377059e-01
9.871402465669586457e-01 4.994018096846106758e-01
6.677289340824660302e-01 8.961080601218229802e-01
4.758700800965010025e-01 8.784361538712854856e-01
9.106418484939937663e-01 6.916183174307997117e-01
1.305297286727005179e-01 2.236105241694010815e-01
1.073711686084273254e-01 5.264230744375263393e-01
6.797291523331462360e-01 5.338177766347863562e-01
8.502740434142447290e-01 9.533792371851690373e-02
6.350761083710687593e-02 6.429006514243140735e-02
5.736920623324104351e-01 3.463085211781110617e-01
6.311253265619918285e-01 1.950286594761405645e-01
6.240913586561945836e-01 6.935876954720753274e-01
2.258255898595407096e-02 5.449241687710357773e-01
2.462147693765124323e-01 6.641654775207246342e-01
2.302543865786726984e-01 7.758962325182887643e-01
6.562172158687141765e-01 1.372782650398203241e-01
1.480032184953081753e-01 4.164187328350026363e-01
2.490988171958645747e-01 9.541296914274262075e-01
8.517702422652695393e-02 5.177818374906112409e-01
6.561732962881983156e-03 5.306132627830311144e-01
6.647263767795904554e-01 8.095009958902319447e-01
1.013239755646229145e-01 5.088130041466074616e-01
5.412749998071719748e-02 4.028447382759478002e-01
1.450782382743909249e-02 8.130735330901075475e-01
6.058497157315612114e-02 3.936427923204780521e-01
6.409190343098446485e-01 8.328084251666324489e-01
5.505927313262267697e-01 2.379419237646048790e-01
5.306451836738685923e-01 4.377601672658624210e-01
3.289269584938413482e-01 8.221500113893377426e-01
8.935967738515380177e-01 9.469030646188358880e-01
7.022058648457691898e-01 4.055062610169669624e-01
5.689642553769969080e-01 7.934434789180436765e-01
5.293036413133935802e-01 3.266088605434588343e-01
9.628997839844144480e-02 2.031553249606288247e-02
1.931959122974467036e-01 6.463305486596804261e-01
3.333177631434838251e-01 1.418243114240571590e-01
4.639058269377289712e-01 3.939513303673479738e-01
4.432752900914076477e-01 8.725938493984539690e-01
4.778011329202574986e-01 8.411901015639415835e-01
6.371797921933519682e-02 5.502839311117241339e-01
5.688989026249540171e-01 5.778740261589011551e-01
7.888133697142304390e-01 2.029205379045022628e-01
3.575552811743574200e-01 3.305856443009824730e-02
4.271537071422358833e-01 3.690707579794008097e-01
6.923519302975829071e-01 7.922168918996190801e-01
3.600497839348465456e-01 3.314429853279731164e-01
8.626433390872438878e-01 5.654821573234041221e-01
7.428467206897589881e-01 5.557923798974750973e-01
8.248382466343285868e-01 4.410858360681468859e-02
5.225006909626150886e-02 7.517457250726283791e-01
5.174904397808718359e-01 6.135007336813230738e-01
7.165452065727142550e-01 4.916937259544977845e-01
4.879973327136921668e-02 2.385530617182374247e-01
8.340615582906435455e-01 8.065225805044784479e-01
5.360271103955902561e-01 2.549823477422432649e-01
8.578760547628132560e-01 1.193467214846112290e-01
7.330020833551276205e-01 5.306137186811803463e-01
5.289386323527980327e-01 9.185891188411785535e-01
