87.188873 91.821106 93.839828 94.812119 95.302155 95.540924 95.634323 95.634804 95.568680 95.447334 95.271713 95.033463 94.713348 94.276566 93.662148 92.759628 91.353775 88.980782 84.511864 74.813309 
81.934395 86.255753 88.726089 90.106537 90.855598 91.227249 91.361603 91.336250 91.192627 90.948967 90.606110 90.148819 89.543388 88.730774 87.612419 86.022614 83.674713 80.057503 74.253365 64.741364 
79.292984 82.541428 84.702293 86.032394 86.786484 87.150925 87.248642 87.156036 86.916672 86.549873 86.055008 85.412369 84.580666 83.490791 82.034195 80.043747 77.264969 73.321190 67.702759 59.898785 
77.696152 79.914703 81.509300 82.534332 83.107101 83.341385 83.326080 83.122665 82.768250 82.278923 81.651764 80.865044 79.876190 78.617592 76.989868 74.853271 72.020264 68.259552 63.337708 57.151024 
76.576920 77.911980 78.885933 79.488586 79.766281 79.781525 79.591721 79.240402 78.754837 78.145889 77.408203 76.519951 75.441551 74.113609 72.454514 70.359253 67.703316 64.359077 60.237514 55.367615 
75.699585 76.270416 76.633934 76.767899 76.687988 76.426826 76.018967 75.492493 74.864944 74.141708 73.315338 72.365120 71.256554 69.940872 68.355377 66.425987 64.074715 61.235977 57.885685 54.081917 
74.951019 74.836212 74.611557 74.261169 73.791069 73.218925 72.564972 71.845795 71.070877 70.240784 69.346428 68.368759 67.278786 66.038071 64.600250 62.914688 60.933640 58.624489 55.987350 53.074371 
74.268326 73.511902 72.714996 71.874237 70.996300 70.092979 69.176315 68.254982 67.332123 66.404282 65.460983 64.484840 63.451897 62.332478 61.092960 59.698963 58.120731 56.341034 54.364895 52.228233 
73.610428 72.228134 70.862373 69.524597 68.227036 66.980499 65.792465 64.665840 63.598526 62.583374 61.608528 60.657867 59.711601 58.747108 57.740261 56.667561 55.509354 54.254078 52.902988 51.473679 
72.945267 70.927902 68.981842 67.134842 65.406860 63.809658 62.347328 61.017540 59.812912 58.722317 57.732040 56.826649 55.989677 55.204216 54.453518 53.721764 52.995121 52.262989 51.519321 50.763500 
72.242783 69.556427 67.002327 64.626175 62.456055 60.504074 58.769798 57.244247 55.913418 54.761097 53.770824 52.927158 52.216385 51.626686 51.147934 50.770958 50.486454 50.283478 50.147850 50.061016 
71.469467 68.052765 64.844955 61.911572 59.287235 56.980911 54.983688 53.276371 51.835571 50.637985 49.663143 48.894920 48.322136 47.938332 47.740669 47.727760 47.896332 48.236664 48.727615 49.332729 
70.582382 66.340256 62.413242 58.888012 55.800514 53.148777 50.907806 49.042126 47.514656 46.292278 45.348984 44.667374 44.239037 44.063965 44.148750 44.503174 45.134502 46.039280 47.193245 48.542290 
69.519836 64.312683 59.579826 55.426815 51.878143 48.905991 46.456757 44.469803 42.888786 41.667633 40.773277 40.186668 39.902786 39.929844 40.287300 41.001755 42.099281 43.592751 45.463814 47.643188 
68.184334 61.810852 56.166641 51.361370 47.379345 44.140396 41.543533 39.491661 37.903183 36.716309 35.889935 35.403351 35.255707 35.465427 36.068939 37.117325 38.668167 40.768673 43.426109 46.566666 
66.406677 58.579788 51.914574 46.472748 42.137554 38.732811 36.085423 34.050224 32.516087 31.404594 30.666908 30.281189 30.251362 30.607300 31.405779 32.730507 34.687447 37.387699 40.905308 45.197361 
63.862610 54.187092 46.439171 40.477547 35.965382 32.567955 30.015205 28.107817 26.706436 25.719164 25.092010 24.803223 24.861328 25.306709 26.216429 27.711527 29.963457 33.189400 37.610077 43.317474 
59.856682 47.866825 39.177513 33.032936 28.678520 25.558495 23.299694 21.659468 20.482748 19.673683 19.178818 18.978428 19.084084 19.541832 20.441751 21.935762 24.265484 27.796387 33.028137 40.462471 
52.697311 38.246033 29.371145 23.798199 20.157307 17.687855 15.965656 14.747665 13.891455 13.314060 12.971200 12.847634 12.954790 13.334821 14.073017 15.324316 17.366350 20.702541 26.243635 35.504269 
37.686539 23.048855 16.262857 12.631432 10.464680 9.069991 8.127439 7.474117 7.021374 6.719935 6.544318 6.486148 6.552649 6.769667 7.191206 7.922148 9.173075 11.403804 15.739601 25.310966 
