87.188934 91.821228 93.840004 94.812355 95.302429 95.541237 95.634659 95.635170 95.569061 95.447716 95.272095 95.033829 94.713692 94.276886 93.662430 92.759872 91.353981 88.980934 84.511963 74.813354 
81.934525 86.255997 88.726448 90.107002 90.856140 91.227859 91.362274 91.336967 91.193375 90.949730 90.606865 90.149536 89.544067 88.731407 87.612976 86.023102 83.675102 80.057808 74.253571 64.741463 
79.293167 82.541779 84.702812 86.033066 86.787277 87.151810 87.249626 87.157089 86.917755 86.550972 86.056099 85.413422 84.581665 83.491707 82.035011 80.044449 77.265541 73.321625 67.703049 59.898926 
77.696381 79.915161 81.509972 82.535187 83.108124 83.342545 83.327347 83.124016 82.769638 82.280327 81.653160 80.866394 79.877472 78.618767 76.990921 74.854172 72.021004 68.260117 63.338085 57.151215 
76.577194 77.912521 78.886734 79.489609 79.767502 79.782913 79.593231 79.242012 78.756500 78.147568 77.409874 76.521561 75.443069 74.115005 72.455750 70.360329 67.704193 64.359756 60.237968 55.367836 
75.699898 76.271027 76.634842 76.769058 76.689377 76.428398 76.020691 75.494324 74.866837 74.143616 73.317223 72.366943 71.258286 69.942467 68.356796 66.427208 64.075714 61.236744 57.886192 54.082169 
74.951370 74.836884 74.612549 74.262436 73.792587 73.220650 72.566849 71.847794 71.072952 70.242882 69.348503 68.370766 67.280685 66.039818 64.601807 62.916031 60.934738 58.625324 55.987915 53.074650 
74.268692 73.512627 72.716057 71.875595 70.997910 70.094810 69.178314 68.257111 67.334335 66.406509 65.463188 64.486977 63.453911 62.334335 61.094620 59.700390 58.121899 56.341923 54.365490 52.228531 
73.610809 72.228889 70.863472 69.526001 68.228706 66.982399 65.794540 64.668045 63.600811 62.585686 61.610817 60.660080 59.713692 58.749031 57.741974 56.669041 55.510563 54.254993 52.903603 51.473988 
72.945656 70.928665 68.982948 67.136261 65.408562 63.811577 62.349430 61.019775 59.815228 58.724663 57.734360 56.828888 55.991791 55.206161 54.455250 53.723259 52.996346 52.263912 51.519943 50.763813 
72.243164 69.557182 67.003426 64.627579 62.457733 60.505974 58.771873 57.246456 55.915707 54.763412 53.773113 52.929371 52.218468 51.628605 51.149643 50.772430 50.487656 50.284393 50.148464 50.061325 
71.469849 68.053490 64.846016 61.912930 59.288857 56.982750 54.985695 53.278511 51.837788 50.640224 49.665356 48.897053 48.324150 47.940186 47.742321 47.729183 47.897491 48.237549 48.728210 49.333027 
70.582733 66.340942 62.414246 58.889297 55.802040 53.150513 50.909698 49.044144 47.516747 46.294395 45.351074 44.669384 44.240936 44.065712 44.150314 44.504517 45.135597 46.040115 47.193806 48.542568 
69.520164 64.313309 59.580746 55.427998 51.879547 48.907585 46.458500 44.471657 42.890709 41.669575 40.775196 40.188522 39.904533 39.931450 40.288734 41.002987 42.100288 43.593525 45.464336 47.643452 
68.184624 61.811409 56.167458 51.362415 47.380596 44.141823 41.545090 39.493317 37.904900 36.718040 35.891647 35.405003 35.257263 35.466858 36.070221 37.118431 38.669075 40.769363 43.426575 46.566895 
66.406921 58.580269 51.915276 46.473644 42.138630 38.734035 36.086761 34.051647 32.517563 31.406086 30.668385 30.282612 30.252703 30.608534 31.406881 32.731457 34.688225 37.388290 40.905704 45.197559 
63.862804 54.187477 46.439743 40.478283 35.966259 32.568958 30.016302 28.108982 26.707644 25.720387 25.093216 24.804386 24.862427 25.307720 26.217333 27.712307 29.964092 33.189884 37.610401 43.317638 
59.856834 47.867119 39.177948 33.033497 28.679192 25.559258 23.300529 21.660357 20.483667 19.674614 19.179737 18.979315 19.084919 19.542603 20.442440 21.936354 24.265968 27.796753 33.028385 40.462593 
52.697418 38.246231 29.371439 23.798576 20.157759 17.688368 15.966217 14.748262 13.892073 13.314686 12.971818 12.848230 12.955352 13.335339 14.073480 15.324713 17.366674 20.702789 26.243801 35.504349 
37.686592 23.048956 16.263002 12.631620 10.464907 9.070248 8.127720 7.474416 7.021683 6.720248 6.544627 6.486446 6.552930 6.769926 7.191438 7.922347 9.173237 11.403927 15.739684 25.311008 
