87.188950 91.821266 93.840065 94.812424 95.302513 95.541336 95.634781 95.635292 95.569183 95.447838 95.272217 95.033951 94.713806 94.276978 93.662521 92.759956 91.354042 88.980980 84.511993 74.813370 
81.934555 86.256058 88.726555 90.107132 90.856308 91.228058 91.362488 91.337196 91.193611 90.949959 90.607094 90.149765 89.544281 88.731598 87.613159 86.023254 83.675224 80.057899 74.253632 64.741493 
79.293213 82.541885 84.702965 86.033264 86.787521 87.152100 87.249931 87.157417 86.918106 86.551315 86.056435 85.413742 84.581970 83.491989 82.035263 80.044670 77.265717 73.321762 67.703140 59.898972 
77.696442 79.915298 81.510170 82.535446 83.108429 83.342896 83.327744 83.124443 82.770088 82.280777 81.653610 80.866821 79.877869 78.619141 76.991257 74.854454 72.021233 68.260284 63.338200 57.151268 
76.577278 77.912689 78.886971 79.489929 79.767876 79.783340 79.593704 79.242523 78.757042 78.148117 77.410408 76.522079 75.443558 74.115463 72.456161 70.360672 67.704475 64.359962 60.238106 55.367905 
75.699989 76.271217 76.635109 76.769424 76.689812 76.428894 76.021240 75.494911 74.867447 74.144241 73.317841 72.367538 71.258835 69.942978 68.357254 66.427605 64.076035 61.236984 57.886353 54.082249 
74.951477 74.837097 74.612854 74.262833 73.793060 73.221191 72.567451 71.848434 71.073616 70.243561 69.349174 68.371414 67.281296 66.040375 64.602310 62.916466 60.935089 58.625591 55.988091 53.074738 
74.268814 73.512856 72.716377 71.876007 70.998421 70.095390 69.178955 68.257797 67.335037 66.407227 65.463905 64.487663 63.454563 62.334934 61.095158 59.700851 58.122276 56.342209 54.365677 52.228622 
73.610931 72.229118 70.863808 69.526443 68.229240 66.983009 65.795204 64.668762 63.601547 62.586433 61.611557 60.660797 59.714371 58.749653 57.742531 56.669518 55.510956 54.255291 52.903797 51.474083 
72.945778 70.928902 68.983299 67.136719 65.409103 63.812202 62.350105 61.020496 59.815971 58.725410 57.735104 56.829613 55.992474 55.206791 54.455811 53.723740 52.996738 52.264217 51.520149 50.763916 
72.243286 69.557419 67.003777 64.628029 62.458271 60.506592 58.772552 57.247169 55.916451 54.764160 53.773849 52.930084 52.219151 51.629230 51.150200 50.772907 50.488045 50.284691 50.148666 50.061424 
71.469955 68.053719 64.846352 61.913361 59.289375 56.983345 54.986351 53.279198 51.838501 50.640949 49.666073 48.897751 48.324810 47.940792 47.742867 47.729645 47.897865 48.237839 48.728405 49.333122 
70.582840 66.341156 62.414558 58.889706 55.802536 53.151070 50.910316 49.044800 47.517426 46.295078 45.351753 44.670044 44.241562 44.066288 44.150826 44.504951 45.135956 46.040386 47.193993 48.542664 
69.520264 64.313507 59.581039 55.428379 51.880005 48.908104 46.459068 44.472260 42.891335 41.670204 40.775818 40.189125 39.905109 39.931980 40.289207 41.003387 42.100620 43.593777 45.464508 47.643532 
68.184708 61.811592 56.167721 51.362759 47.381004 44.142281 41.545597 39.493855 37.905457 36.718605 35.892204 35.405544 35.257782 35.467331 36.070641 37.118790 38.669369 40.769585 43.426720 46.566963 
66.406998 58.580421 51.915504 46.473942 42.138981 38.734436 36.087200 34.052113 32.518044 31.406572 30.668863 30.283077 30.253145 30.608940 31.407242 32.731766 34.688480 37.388485 40.905830 45.197617 
63.862873 54.187607 46.439926 40.478523 35.966549 32.569286 30.016659 28.109360 26.708036 25.720783 25.093611 24.804771 24.862789 25.308050 26.217628 27.712559 29.964298 33.190041 37.610504 43.317688 
59.856884 47.867218 39.178089 33.033680 28.679409 25.559505 23.300800 21.660645 20.483967 19.674919 19.180037 18.979607 19.085196 19.542852 20.442665 21.936546 24.266125 27.796875 33.028465 40.462631 
52.697445 38.246296 29.371532 23.798698 20.157906 17.688534 15.966399 14.748456 13.892273 13.314889 12.972019 12.848426 12.955538 13.335508 14.073631 15.324841 17.366781 20.702869 26.243855 35.504375 
37.686607 23.048988 16.263050 12.631681 10.464979 9.070331 8.127810 7.474512 7.021783 6.720349 6.544728 6.486544 6.553023 6.770011 7.191513 7.922411 9.173290 11.403968 15.739711 25.311020 
