87.188965 91.821289 93.840088 94.812454 95.302544 95.541367 95.634811 95.635323 95.569214 95.447876 95.272247 95.033974 94.713821 94.277008 93.662552 92.759972 91.354057 88.980995 84.512009 74.813377 
81.934578 86.256096 88.726593 90.107178 90.856361 91.228119 91.362549 91.337265 91.193680 90.950035 90.607155 90.149818 89.544327 88.731651 87.613205 86.023285 83.675255 80.057922 74.253647 64.741501 
79.293243 82.541924 84.703018 86.033333 86.787598 87.152191 87.250031 87.157516 86.918198 86.551414 86.056526 85.413834 84.582047 83.492065 82.035332 80.044724 77.265762 73.321793 67.703163 59.898987 
77.696472 79.915344 81.510239 82.535530 83.108528 83.343010 83.327858 83.124557 82.770203 82.280899 81.653725 80.866943 79.877975 78.619232 76.991333 74.854523 72.021286 68.260330 63.338226 57.151283 
76.577309 77.912743 78.887054 79.490021 79.767990 79.783470 79.593842 79.242661 78.757179 78.148254 77.410553 76.522224 75.443695 74.115570 72.456253 70.360756 67.704544 64.360016 60.238140 55.367920 
75.700020 76.271278 76.635201 76.769531 76.689941 76.429039 76.021393 75.495071 74.867607 74.144402 73.318008 72.367706 71.258995 69.943115 68.357376 66.427704 64.076118 61.237049 57.886402 54.082268 
74.951508 74.837158 74.612946 74.262955 73.793213 73.221359 72.567627 71.848618 71.073799 70.243744 69.349365 68.371597 67.281464 66.040527 64.602440 62.916573 60.935181 58.625660 55.988136 53.074760 
74.268845 73.512917 72.716476 71.876144 70.998581 70.095566 69.179138 68.257988 67.335236 66.407425 65.464096 64.487854 63.454742 62.335094 61.095291 59.700966 58.122368 56.342281 54.365723 52.228645 
73.610962 72.229187 70.863907 69.526581 68.229401 66.983185 65.795395 64.668961 63.601753 62.586643 61.611759 60.660995 59.714554 58.749821 57.742680 56.669640 55.511055 54.255371 52.903847 51.474106 
72.945816 70.928970 68.983398 67.136856 65.409264 63.812378 62.350307 61.020706 59.816185 58.725628 57.735313 56.829815 55.992664 55.206959 54.455959 53.723862 52.996834 52.264290 51.520195 50.763935 
72.243332 69.557495 67.003876 64.628159 62.458427 60.506767 58.772751 57.247379 55.916664 54.764378 53.774063 52.930290 52.219337 51.629402 51.150352 50.773029 50.488144 50.284760 50.148712 50.061447 
71.470001 68.053787 64.846451 61.913490 59.289528 56.983521 54.986546 53.279404 51.838715 50.641159 49.666279 48.897949 48.324997 47.940964 47.743011 47.729767 47.897968 48.237907 48.728447 49.333145 
70.582878 66.341217 62.414654 58.889824 55.802681 53.151237 50.910500 49.044991 47.517624 46.295280 45.351948 44.670235 44.241737 44.066448 44.150967 44.505070 45.136051 46.040459 47.194031 48.542683 
69.520294 64.313568 59.581127 55.428482 51.880135 48.908257 46.459236 44.472435 42.891518 41.670395 40.776005 40.189301 39.905273 39.932133 40.289337 41.003498 42.100708 43.593834 45.464542 47.643551 
68.184738 61.811646 56.167801 51.362858 47.381126 44.142418 41.545746 39.494011 37.905624 36.718777 35.892372 35.405704 35.257927 35.467468 36.070755 37.118885 38.669441 40.769638 43.426758 46.566986 
66.407028 58.580475 51.915569 46.474026 42.139084 38.734550 36.087326 34.052250 32.518188 31.406719 30.669008 30.283215 30.253273 30.609056 31.407343 32.731850 34.688545 37.388531 40.905865 45.197639 
63.862896 54.187653 46.439987 40.478596 35.966633 32.569382 30.016766 28.109474 26.708155 25.720901 25.093729 24.804882 24.862894 25.308146 26.217710 27.712629 29.964355 33.190083 37.610535 43.317703 
59.856899 47.867249 39.178131 33.033733 28.679474 25.559580 23.300884 21.660732 20.484056 19.675009 19.180128 18.979692 19.085276 19.542925 20.442726 21.936600 24.266167 27.796906 33.028488 40.462643 
52.697456 38.246315 29.371561 23.798737 20.157948 17.688583 15.966455 14.748516 13.892334 13.314951 12.972080 12.848484 12.955591 13.335556 14.073673 15.324878 17.366810 20.702890 26.243870 35.504383 
37.686615 23.048998 16.263065 12.631701 10.465001 9.070355 8.127838 7.474542 7.021814 6.720381 6.544758 6.486573 6.553050 6.770035 7.191534 7.922429 9.173305 11.403978 15.739718 25.311024 
