87.188965 91.821289 93.840088 94.812454 95.302544 95.541367 95.634811 95.635323 95.569214 95.447876 95.272255 95.033981 94.713837 94.277016 93.662552 92.759972 91.354057 88.980995 84.512009 74.813377 
81.934578 86.256096 88.726593 90.107178 90.856361 91.228119 91.362564 91.337265 91.193680 90.950035 90.607170 90.149841 89.544350 88.731667 87.613205 86.023293 83.675262 80.057922 74.253647 64.741501 
79.293243 82.541924 84.703018 86.033333 86.787605 87.152191 87.250031 87.157516 86.918213 86.551430 86.056549 85.413849 84.582069 83.492081 82.035339 80.044739 77.265778 73.321793 67.703163 59.898987 
77.696472 79.915344 81.510239 82.535530 83.108536 83.343018 83.327866 83.124573 82.770226 82.280922 81.653748 80.866959 79.877991 78.619247 76.991348 74.854538 72.021301 68.260330 63.338226 57.151283 
76.577309 77.912743 78.887054 79.490028 79.767990 79.783478 79.593857 79.242676 78.757202 78.148277 77.410568 76.522240 75.443703 74.115585 72.456268 70.360771 67.704559 64.360016 60.238144 55.367928 
75.700020 76.271278 76.635201 76.769531 76.689941 76.429047 76.021408 75.495087 74.867630 74.144424 73.318024 72.367722 71.259010 69.943130 68.357391 66.427719 64.076126 61.237053 57.886402 54.082275 
74.951508 74.837158 74.612946 74.262955 73.793213 73.221367 72.567642 71.848640 71.073822 70.243774 69.349380 68.371613 67.281479 66.040543 64.602455 62.916584 60.935188 58.625664 55.988140 53.074768 
74.268845 73.512917 72.716476 71.876144 70.998581 70.095573 69.179153 68.258011 67.335266 66.407455 65.464127 64.487885 63.454765 62.335114 61.095306 59.700977 58.122375 56.342285 54.365734 52.228653 
73.610962 72.229187 70.863907 69.526581 68.229401 66.983192 65.795410 64.668976 63.601780 62.586670 61.611790 60.661026 59.714584 58.749844 57.742695 56.669651 55.511063 54.255375 52.903858 51.474113 
72.945816 70.928970 68.983398 67.136856 65.409271 63.812386 62.350319 61.020725 59.816212 58.725658 57.735344 56.829845 55.992695 55.206985 54.455982 53.723885 52.996853 52.264301 51.520206 50.763947 
72.243332 69.557495 67.003876 64.628166 62.458435 60.506775 58.772758 57.247395 55.916683 54.764408 53.774094 52.930317 52.219360 51.629425 51.150372 50.773048 50.488167 50.284775 50.148720 50.061455 
71.470001 68.053787 64.846451 61.913498 59.289536 56.983528 54.986557 53.279419 51.838730 50.641182 49.666302 48.897968 48.325016 47.940983 47.743031 47.729782 47.897980 48.237919 48.728455 49.333145 
70.582878 66.341217 62.414658 58.889835 55.802689 53.151245 50.910511 49.045002 47.517639 46.295296 45.351967 44.670250 44.241753 44.066463 44.150982 44.505085 45.136063 46.040466 47.194038 48.542683 
69.520294 64.313568 59.581131 55.428490 51.880142 48.908264 46.459240 44.472446 42.891529 41.670403 40.776016 40.189316 39.905289 39.932144 40.289352 41.003513 42.100716 43.593842 45.464546 47.643551 
68.184738 61.811646 56.167805 51.362862 47.381130 44.142426 41.545753 39.494022 37.905628 36.718781 35.892380 35.405712 35.257938 35.467476 36.070770 37.118896 38.669449 40.769646 43.426758 46.566986 
66.407028 58.580475 51.915573 46.474030 42.139088 38.734558 36.087334 34.052258 32.518192 31.406723 30.669014 30.283222 30.253281 30.609064 31.407352 32.731857 34.688549 37.388535 40.905869 45.197639 
63.862896 54.187653 46.439991 40.478600 35.966637 32.569386 30.016771 28.109482 26.708160 25.720907 25.093735 24.804886 24.862900 25.308151 26.217716 27.712633 29.964359 33.190083 37.610535 43.317703 
59.856899 47.867249 39.178135 33.033737 28.679476 25.559582 23.300886 21.660736 20.484060 19.675013 19.180130 18.979694 19.085278 19.542929 20.442730 21.936602 24.266167 27.796906 33.028488 40.462643 
52.697456 38.246315 29.371563 23.798737 20.157949 17.688587 15.966457 14.748518 13.892336 13.314953 12.972081 12.848485 12.955593 13.335558 14.073675 15.324879 17.366810 20.702890 26.243870 35.504383 
37.686615 23.049000 16.263065 12.631701 10.465002 9.070357 8.127840 7.474544 7.021815 6.720382 6.544759 6.486573 6.553051 6.770036 7.191535 7.922430 9.173305 11.403978 15.739718 25.311024 
