86.333420 90.154114 91.422462 91.720123 91.622894 91.370674 91.075760 90.794846 90.556709 90.373619 90.245926 90.163086 90.101891 90.021530 89.852753 89.474449 88.658401 86.925804 83.131294 74.123642 
80.273346 83.018280 84.030396 84.099136 83.705803 83.121864 82.500069 81.926498 81.447533 81.083229 80.833282 80.678177 80.576385 80.457062 80.205444 79.635040 78.433945 76.061829 71.568886 63.400234 
76.898331 77.873077 77.929657 77.365875 76.469643 75.452805 74.456879 73.570801 72.845535 72.303192 71.941566 71.734726 71.630035 71.541229 71.336243 70.817879 69.695175 67.549438 63.824692 57.961143 
74.657806 73.989998 72.911804 71.529907 70.004013 68.480652 67.072731 65.858055 64.883438 64.168747 63.709183 63.475121 63.409523 63.422894 63.385895 63.120468 62.392780 60.918144 58.404385 54.685776 
72.998077 70.931381 68.753433 66.515976 64.315689 62.254200 60.417664 58.869347 57.648346 56.770260 56.227703 55.989609 55.999321 56.171574 56.389351 56.502449 56.331699 55.686592 54.408859 52.454456 
71.691917 68.451141 65.280838 62.228531 59.366772 56.772503 54.513092 52.639206 51.182114 50.152878 49.541965 49.318470 49.428757 49.795029 50.314865 50.863472 51.301601 51.493195 51.336605 50.808083 
70.630272 66.403580 62.364353 58.572315 55.095356 51.999523 49.340988 47.161308 45.485249 44.319893 43.654179 43.458206 43.682419 44.257057 45.092876 46.084473 47.118000 48.084801 48.901329 49.531425 
69.750290 64.691620 59.901073 55.454777 51.424629 47.873615 44.852001 42.395149 40.522713 39.238464 38.530193 38.369343 38.710518 39.491318 40.633209 42.044491 43.626213 45.281578 46.928047 48.509132 
69.007675 63.239864 57.800686 52.783012 48.266052 44.313351 40.971954 38.272560 36.230415 34.846199 34.106571 33.984245 34.437698 35.410957 36.834122 38.625244 40.694092 42.947983 45.298897 47.670181 
68.364532 61.980141 55.975464 50.459679 45.519901 41.220936 37.606873 34.703613 32.521561 31.057817 30.297504 30.214277 30.770134 31.914997 33.586521 35.710655 38.203255 40.972912 43.924667 46.963993 
67.783035 60.842728 54.332893 48.378845 43.074509 38.484173 34.646904 31.581753 29.292551 27.771488 27.001274 26.956039 27.601175 28.892582 30.775688 33.184555 36.041367 39.256416 42.728897 46.348743 
67.220612 59.749107 52.768791 46.421326 40.804474 35.977406 31.969339 28.788326 26.428415 24.874683 24.106144 24.096889 24.815901 26.225941 28.281765 30.927830 34.095505 37.699989 41.637535 45.784428 
66.624413 58.603394 51.158859 44.448654 38.567871 33.561749 29.441282 26.196838 23.807991 22.249760 21.495880 21.519962 22.295147 23.792709 25.979675 28.815266 32.245811 36.197853 40.570122 45.227200 
65.922409 57.279190 49.346512 42.294781 36.202545 31.085270 26.922470 23.677402 21.309225 19.779530 19.055212 19.109127 19.919476 21.468311 23.739037 26.712212 30.358444 34.626923 39.429291 44.622330 
65.006546 55.596729 47.123791 39.754837 33.522156 28.384129 24.269369 21.102230 18.815113 17.353226 16.675560 16.754292 17.573730 19.129101 21.424879 24.471386 28.277126 32.833012 38.084469 43.892376 
63.697090 53.280403 44.201580 36.571404 30.314234 25.287003 21.342142 18.353065 16.220814 14.873116 14.261299 14.357468 15.152835 16.657406 18.900597 21.931269 25.813469 30.610271 36.342987 42.913048 
61.659317 49.877327 40.165604 32.422810 26.345675 21.626614 18.016539 15.331463 13.442113 12.261704 11.736437 11.839617 12.569367 13.949813 16.035675 18.919558 22.738779 27.671448 33.895424 41.457466 
58.187485 44.601402 34.423546 26.928425 21.386993 17.264175 14.202869 11.972190 10.424829 9.468893 9.051086 9.147920 9.763008 10.929995 12.721937 15.269140 18.787319 23.612331 30.211390 39.052002 
51.579906 36.059868 26.188072 19.710381 15.274062 12.132446 9.872206 8.258269 7.153480 6.477566 6.186357 6.262059 6.710718 7.566113 8.902073 10.859008 13.697183 17.900185 24.357056 34.559555 
37.128754 21.957481 14.673664 10.590336 8.026186 6.295610 5.084153 4.232933 3.655964 3.305332 3.155604 3.197112 3.434358 3.888968 4.609187 5.692616 7.341152 10.004709 14.797731 24.839321 
