86.938248 91.331078 93.126617 93.896500 94.208878 94.298126 94.272827 94.187378 94.069305 93.930420 93.771332 93.582596 93.343185 93.015839 92.536537 91.791237 90.560699 88.376793 84.106186 74.610512 
81.444794 85.298462 87.332794 88.317795 88.719757 88.799278 88.701706 88.508453 88.263313 87.985367 87.674797 87.314224 86.866470 86.267654 85.413254 84.130592 82.125198 78.877419 73.460739 64.345131 
78.581406 81.150063 82.677177 83.432449 83.681999 83.621750 83.382294 83.045578 82.658592 82.241898 81.793907 81.291824 80.689270 79.910141 78.837219 77.293236 75.012344 71.605591 66.550423 59.322723 
76.784317 78.131752 78.914162 79.202484 79.128571 78.818497 78.370956 77.854584 77.310867 76.757484 76.190315 75.583656 74.888420 74.028046 72.892029 71.327621 69.132751 66.060379 61.860535 56.412560 
75.490654 75.787865 75.794121 75.518951 75.026024 74.392532 73.687561 72.963181 72.251907 71.566467 70.900108 70.226288 69.497650 68.644142 67.570908 66.157471 64.261971 61.738033 58.476921 54.487434 
74.467979 73.862015 73.128189 72.266632 71.312729 70.315720 69.323456 68.373703 67.489960 66.679771 65.934082 65.226883 64.514847 63.737122 62.816002 61.659855 60.171043 58.262730 55.888451 53.083405 
73.605667 72.205261 70.781693 69.343544 67.918381 66.542061 65.249336 64.067429 63.012318 62.086967 61.280533 60.568188 59.911316 59.258282 58.546349 57.705700 56.667122 55.374771 53.804337 51.982941 
72.842453 70.723343 68.655510 66.661552 64.770996 63.014938 61.420845 60.008663 58.788471 57.759346 56.908993 56.213902 55.639923 55.143425 54.673409 54.175182 53.596230 52.894699 52.049721 51.070686 
72.138039 69.348480 66.670090 64.141167 61.797546 59.670017 57.781990 56.148067 54.773315 53.653244 52.774117 52.113510 51.641121 51.319916 51.107841 50.960430 50.834511 50.693104 50.510719 50.277542 
71.460396 68.023697 64.753616 61.705025 58.921707 56.435577 54.266869 52.425026 50.909943 49.713196 48.819183 48.206135 47.847000 47.710335 47.761330 47.963009 48.277832 48.669556 49.105164 49.556381 
70.778679 66.692703 62.832859 59.271576 56.060482 53.231575 50.800354 48.769478 47.132149 45.874825 44.979210 44.423634 44.183952 44.234032 44.545929 45.089619 45.832428 46.738121 47.765911 48.869965 
70.057915 65.291695 60.824783 56.748493 53.120174 49.968002 47.298435 45.103531 43.366875 42.067749 41.183937 40.693310 40.574661 40.807724 41.372490 42.247467 43.406853 44.816551 46.429745 48.183674 
69.253044 63.739906 58.626934 54.025105 49.991783 46.543118 43.668610 41.343407 39.536999 38.218731 37.360962 36.940643 36.939941 37.345848 38.148788 39.339607 40.904366 42.816635 45.027985 47.459511 
68.299744 61.925926 56.104404 50.963039 46.546005 42.842125 39.811119 37.402119 35.564831 34.255451 33.439423 33.092537 33.201111 33.761436 34.778145 36.260460 38.214981 40.633499 43.475468 46.648849 
67.097359 59.684441 53.070217 47.384258 42.628414 38.737358 35.621971 33.193882 31.376900 30.111263 29.354549 29.081453 29.283417 29.968248 31.159170 32.891785 35.206322 38.131203 41.653927 45.680405 
65.473190 56.753601 49.255260 43.056984 38.057098 34.092178 30.999331 28.640888 26.910378 25.731133 25.053188 24.850754 25.121147 25.885128 27.188128 29.100563 31.713501 35.121902 39.382828 44.435963 
63.099167 52.693531 44.264191 37.683838 32.627968 28.772312 25.855150 23.683311 22.121246 21.078495 20.500149 20.361229 20.664858 21.443966 22.766342 24.742153 27.530666 31.335871 36.364597 42.694595 
59.275806 46.730404 37.522591 30.907202 26.139051 22.670322 20.134207 18.292725 16.993706 16.142399 15.684646 15.598274 15.890738 16.602417 17.816334 19.676132 22.414165 26.385862 32.080326 39.988449 
52.307343 37.483097 28.260107 22.371071 18.452406 15.748837 13.840450 12.487336 11.549010 10.943251 10.625302 10.578280 10.810850 11.361360 12.310362 13.807237 16.123400 19.755529 25.607281 35.186012 
37.491600 22.667477 15.707464 11.918030 9.612423 8.100702 7.065079 6.344213 5.850427 5.534812 5.371652 5.351748 5.480944 5.783183 6.310100 7.163800 8.551756 10.930417 15.421503 25.151878 
