87.108627 91.664185 93.611420 94.518890 94.952042 95.142960 95.198410 95.171463 95.088814 94.961960 94.791740 94.569420 94.275208 93.873489 93.302315 92.450081 91.100266 88.787704 84.382172 74.748459 
81.777504 85.948944 88.279518 89.533211 90.171051 90.449142 90.509308 90.430328 90.254379 89.999954 89.667648 89.241524 88.686729 87.942673 86.908867 85.417374 83.179047 79.680000 73.999786 64.614578 
79.064682 82.094955 84.052429 85.198082 85.790329 86.018631 86.008369 85.837723 85.551315 85.168846 84.689331 84.092041 83.334030 82.343918 81.010361 79.162979 76.543655 72.771820 67.333725 59.714275 
77.403137 79.341705 80.675270 81.463570 81.828629 81.888199 81.734299 81.430710 81.015915 80.506470 79.899017 79.170502 78.276215 77.145645 75.675827 73.722839 71.094482 67.554459 62.864067 56.914211 
76.227219 77.228134 77.890541 78.210655 78.240433 78.047150 77.691925 77.221039 76.663406 76.030434 75.316254 74.497467 73.531921 72.356781 70.886139 69.010025 66.598343 63.517509 59.672195 55.084961 
75.302292 75.493484 75.503044 75.316002 74.954437 74.456329 73.860535 73.198196 72.488754 71.738205 70.938522 70.067215 69.086868 67.944794 66.573410 64.892998 62.819248 60.279785 57.243359 53.760761 
74.516083 73.985649 73.373474 72.671638 71.893166 71.061607 70.201874 69.333939 68.469345 67.609344 66.744202 65.852905 64.903297 63.852631 62.649227 61.236252 59.559052 57.577560 55.284077 52.722736 
73.806282 72.608322 71.399734 70.185608 68.980057 67.801125 66.665833 65.586456 64.568314 63.608669 62.696388 61.811996 60.928162 60.010639 59.020157 57.915749 56.660324 55.228733 53.617699 51.854637 
73.132172 71.292847 69.500954 67.776695 66.139999 64.608170 63.193810 61.903572 60.737602 59.689522 58.746765 57.891060 57.099133 56.343616 55.594547 54.821617 53.997559 53.102631 52.129486 51.086929 
72.461807 69.982437 67.605583 65.367882 63.297054 61.411415 59.720276 58.225067 56.920685 55.796776 54.838921 54.029510 53.348553 52.774345 52.284241 51.855537 51.466705 51.098869 50.737309 50.372494 
71.764977 68.622009 65.642136 62.879822 60.370842 58.133766 56.173332 54.484264 53.054825 51.869560 50.911308 50.162495 49.605904 49.224998 49.003799 48.926346 48.975731 49.132835 49.374882 49.674530 
71.007790 67.149872 63.530643 60.224106 57.272316 54.690498 52.474724 50.609386 49.073280 47.843842 46.899925 46.223339 45.799538 45.617493 45.668697 45.945217 46.436432 47.124725 47.980644 48.959236 
70.146690 65.488174 61.172897 57.295506 53.898972 50.987221 48.539978 46.525154 44.907722 43.655273 42.741150 42.146008 41.858265 41.873592 42.193253 42.820820 43.756653 44.989830 46.488251 48.189781 
69.119202 63.529148 58.439251 53.962391 50.129520 46.918259 44.279327 42.155209 40.491455 39.242634 38.375092 37.867996 37.713394 37.915535 38.488976 39.454613 40.832165 42.627640 44.815475 47.319008 
67.826813 61.111645 55.148815 50.054539 45.818897 42.366566 39.600407 37.426117 35.763798 34.552227 33.749775 33.334137 33.301857 33.667816 34.464073 35.736618 37.537361 39.907375 42.847504 46.277351 
66.099213 57.978477 51.039246 45.348869 40.795563 37.207306 34.414314 32.273830 30.676182 29.543446 28.826328 28.501617 28.570997 29.061302 30.025541 31.543049 33.714912 36.646946 40.407681 44.948540 
63.610874 53.694763 45.722492 39.557365 34.866611 31.318932 28.646963 26.653366 25.199982 24.195309 23.584995 23.346155 23.485487 24.040880 25.086321 26.739262 29.167158 32.582878 37.202625 43.113739 
59.664989 47.491924 38.631767 32.332226 27.841816 24.607370 22.257784 20.551910 19.335587 18.513271 18.031225 17.868870 18.036377 18.577898 19.581167 21.195375 23.659096 27.334517 32.717861 40.307327 
52.568558 37.994221 29.004580 23.327545 19.595308 17.049002 15.265823 14.003738 13.120925 12.534631 12.200380 12.102362 12.251062 12.687361 13.494976 14.827007 16.959047 20.392311 26.035229 35.400063 
37.622166 22.922955 16.079580 12.396114 10.183693 8.750578 7.777537 7.102169 6.636126 6.330237 6.158926 6.113528 6.200801 6.445952 6.902199 7.673505 8.969433 11.248695 15.635402 25.258865 
