87.162910 91.770340 93.765915 94.717239 95.188866 95.412155 95.493286 95.484894 95.413437 95.290314 95.116447 94.883347 94.571617 94.146179 93.545761 92.659508 91.271774 88.918327 84.469910 74.792328 
81.883621 86.156456 88.581573 89.920990 90.634064 90.975449 91.085800 91.043106 90.889038 90.641914 90.302475 89.855270 89.266243 88.475815 87.384819 85.826820 83.514359 79.935379 74.171333 64.700348 
79.219086 82.396904 84.491936 85.762337 86.464050 86.784424 86.847214 86.729362 86.474800 86.102943 85.613068 84.985107 84.177269 83.119690 81.702911 79.758759 77.031570 73.143433 67.583344 59.839081 
77.601273 79.729179 81.239258 82.187645 82.693176 82.870895 82.810745 82.574928 82.200989 81.705177 81.084427 80.316559 79.358337 78.141197 76.564590 74.487411 71.720642 68.031357 63.184410 57.074379 
76.463654 77.690491 78.563538 79.074692 79.272110 79.219833 78.976471 78.586472 78.077606 77.460915 76.730873 75.865135 74.823303 73.544846 71.946770 69.922470 67.345612 64.086639 60.054504 55.276108 
75.570854 76.018684 76.267525 76.297501 76.126358 75.788452 75.319733 74.749283 74.095245 73.363205 72.545517 71.620895 70.553894 69.294464 67.778320 65.929565 63.668167 60.926342 57.677685 53.977917 
74.810043 74.560509 74.210258 73.745972 73.175949 72.519760 71.799149 71.031815 70.227882 69.388153 68.503304 67.553665 66.509216 65.330093 63.968235 62.370995 60.488377 58.285366 55.759548 52.960472 
74.118500 73.218903 72.288513 71.326706 70.342560 69.349915 68.362411 67.389893 66.436203 65.498108 64.564919 63.618565 62.633995 61.580048 60.421265 59.121132 57.647511 55.980621 54.122784 52.107178 
73.455276 71.924728 70.420738 68.957611 67.550064 66.211029 64.949631 63.770008 62.670761 61.644997 60.680618 59.760807 58.864632 57.967934 57.044689 56.069191 55.019314 53.880852 52.652267 51.348320 
72.788361 70.621063 68.535202 66.561432 64.722229 63.031471 61.494953 60.111561 58.874634 57.773308 56.793613 55.919418 55.133102 54.416206 53.750057 53.116608 52.499523 51.885521 51.265759 50.636719 
72.087646 69.253044 66.560722 64.059219 61.779129 59.734650 57.927021 56.348461 54.985703 53.822769 52.842953 52.030132 51.369442 50.847542 50.452385 50.172600 49.996426 49.910255 49.897137 49.935661 
71.319504 67.759491 64.418076 61.363518 58.632877 56.237137 54.169003 52.410450 50.938786 49.730938 48.766205 48.027794 47.503429 47.185158 47.068306 47.149345 47.422630 47.875877 48.485256 49.211548 
70.440804 66.063385 62.010235 58.370613 55.182755 52.446598 50.138680 48.224628 46.668018 45.435955 44.502205 43.848740 43.466110 43.352905 43.513985 43.957100 44.687286 45.698669 46.964439 48.427887 
69.389603 64.057999 59.209110 54.950874 51.309879 48.260075 45.749252 43.717800 42.109978 40.879910 39.994331 39.433617 39.191784 39.275749 39.703384 40.499428 41.687893 43.279427 45.253342 47.537952 
68.068085 61.583508 55.835720 50.936516 46.872086 43.563824 40.911987 38.820393 37.207985 36.013153 35.194618 34.731140 34.621033 34.881554 35.547707 36.668930 38.300949 40.488987 43.238228 46.472721 
66.306671 58.384228 51.629913 46.107285 41.701202 38.236839 35.542160 33.472790 31.918068 30.799732 30.068789 29.702948 29.705404 30.105042 30.957407 32.344788 34.371559 37.147110 40.743690 45.116550 
63.780712 54.026943 46.206059 40.178268 35.608047 32.161797 29.570320 27.634949 26.216707 25.223831 24.602200 24.329691 24.414234 24.895399 25.849247 27.395653 29.704767 32.992374 37.477722 43.251297 
59.794312 47.744854 38.999973 32.805004 28.406376 25.249163 22.960869 21.299332 20.109770 19.296436 18.805777 18.617785 18.743576 19.228577 20.162106 21.695190 24.068464 27.646332 32.927338 40.412067 
52.655415 38.164101 29.251884 23.645088 19.974497 17.480064 15.738054 14.505748 13.640911 13.060649 12.720613 12.605375 12.726057 13.124395 13.885169 15.162714 17.234005 20.601744 26.175922 35.470409 
37.665592 23.007891 16.203228 12.554877 10.373276 8.966097 8.013638 7.353159 6.896104 6.593231 6.419026 6.365020 6.438284 6.664455 7.097282 7.841348 9.106902 11.353405 15.705745 25.294037 
