87.180496 91.804733 93.815979 94.781509 95.265610 95.499390 95.588821 95.586441 95.518600 95.396675 95.221619 94.985031 94.667618 94.234497 93.624603 92.727333 91.327324 88.960640 84.498329 74.806534 
81.918015 86.223717 88.679466 90.046677 90.784134 91.146019 91.272629 91.241684 91.094696 90.849907 90.508148 90.054108 89.453964 88.648521 87.538994 85.959450 83.622978 80.018112 74.226906 64.728134 
79.269150 82.494804 84.634430 85.945267 86.682465 87.032684 87.119125 87.018387 86.774117 86.405678 85.912422 85.274521 84.450516 83.371063 81.927322 79.951805 77.189674 73.263840 67.664230 59.879520 
77.665543 79.854851 81.422173 82.422470 82.973549 83.189590 83.159805 82.945938 82.585228 82.093803 81.468719 80.688080 79.709106 78.463898 76.852661 74.735237 71.923599 68.185928 63.288250 57.126297 
76.540375 77.840515 78.781914 79.355042 79.606827 79.600281 79.393196 79.029404 78.536324 77.924873 77.189651 76.308670 75.242073 73.930099 72.290688 70.218330 67.587906 64.271179 60.178467 55.338085 
75.658043 76.189178 76.515694 76.616104 76.506752 76.220818 75.793335 75.252670 74.616577 73.890495 73.066925 72.124977 71.029823 69.732300 68.169189 66.265816 63.943542 61.136078 57.818573 54.048359 
74.905525 74.747238 74.482048 74.094902 73.592552 72.993294 72.317825 71.583115 70.798843 69.965637 69.074356 68.105736 67.030449 65.809616 64.396309 62.739250 60.789967 58.515068 55.913845 53.037617 
74.219971 73.417343 72.577354 71.697525 70.785309 69.853157 68.913635 67.975784 67.042984 66.111832 65.171814 64.205284 63.187950 62.089664 60.876205 59.512505 57.968025 56.224731 54.286766 52.189167 
73.560349 72.130203 70.719826 69.341599 68.008537 66.732140 65.520432 64.376709 63.299091 62.280521 61.309059 60.368362 59.438263 58.495651 57.515785 56.474457 55.351212 54.133633 52.822075 51.433220 
72.894623 70.828857 68.837677 66.949753 65.185883 63.558479 62.072201 60.725113 59.510063 58.416008 57.429153 56.533840 55.713223 54.949886 54.226479 53.526455 52.835171 52.141167 51.437492 50.722588 
72.192703 69.458496 66.859779 64.443161 62.237549 60.255707 58.497753 56.955090 55.613960 54.458214 53.471325 52.637623 51.943016 51.375202 50.923431 50.577827 50.328285 50.163010 50.066933 50.020561 
71.421051 67.958084 64.707146 61.734646 59.075996 56.740807 54.720695 52.996841 51.546082 50.345184 49.373611 48.615009 48.057861 47.695217 47.523636 47.541054 47.743423 48.120205 48.649384 49.293617 
70.536667 66.250862 62.283134 58.720974 55.601074 52.922081 50.659500 48.778210 47.241337 46.015839 45.075626 44.403099 43.989525 43.834431 43.943844 44.326897 44.990135 45.929329 47.119385 48.505356 
69.477791 64.230446 59.460129 55.273151 51.694672 48.697449 46.228329 44.227016 42.637348 41.413322 40.521801 39.943558 39.673256 39.718689 40.098797 40.839592 41.966476 43.491608 45.395874 47.609219 
68.146797 61.737442 56.059788 51.224194 47.215561 43.954231 41.339622 39.274929 37.678726 36.489288 35.665447 35.186329 35.050804 35.276928 35.900665 36.972565 38.549618 40.678383 43.365456 46.536339 
66.374382 58.516636 51.822655 46.354740 41.996658 38.572662 35.910011 33.863781 32.322998 31.209299 30.473797 30.094498 30.075096 30.445145 31.261021 32.605980 34.585464 37.310028 40.853127 45.171272 
63.836159 54.135368 46.363892 40.380901 35.849995 32.436806 29.871552 27.955128 26.548306 25.559225 24.933861 24.650331 24.716974 25.173912 26.097881 27.609547 29.879938 33.125790 37.567345 43.296112 
59.836540 47.827431 39.120174 32.959328 28.590637 25.458607 23.190285 21.543179 20.362312 19.551872 19.058367 18.861982 18.974140 19.440689 20.351463 21.858089 24.201872 27.747940 32.995598 40.446198 
52.683784 38.219574 29.332630 23.748755 20.098272 17.620754 15.892159 14.669548 13.810553 13.232235 12.890287 12.769413 12.880937 13.266879 14.012366 15.272140 17.323620 20.669998 26.221775 35.493336 
37.679779 23.035627 16.243599 12.606710 10.435163 9.036441 8.090691 7.435058 6.980924 6.679023 6.503862 6.447038 6.515722 6.735696 7.160881 7.896060 9.151710 11.387531 15.728671 25.305500 
