87.186218 91.815910 93.832253 94.802399 95.290543 95.527725 95.619873 95.619446 95.552773 95.431244 95.255806 95.018082 94.698822 94.263199 93.650223 92.749374 91.345375 88.974388 84.507568 74.811157 
81.929199 86.245583 88.711288 90.087532 90.832901 91.201447 91.333344 91.306221 91.161522 90.917511 90.575005 90.118744 89.514992 88.704651 87.589111 86.002563 83.658287 80.044998 74.244965 64.737160 
79.285416 82.526619 84.680740 86.004730 86.753448 87.113365 87.207504 87.112320 86.871407 86.504082 86.009727 85.368591 84.539337 83.452774 82.000259 80.014557 77.241058 73.302979 67.690521 59.892662 
77.686417 79.895691 81.481628 82.498810 83.064682 83.293167 83.273270 83.066544 82.710129 82.220131 81.593636 80.808853 79.823135 78.568787 76.946304 74.815788 71.989571 68.236176 63.321999 57.143173 
76.565308 77.889282 78.852898 79.446182 79.715637 79.723969 79.528671 79.173386 78.685440 78.075699 77.338799 76.452858 75.378204 74.055336 72.402481 70.314499 67.666664 64.331169 60.218765 55.358234 
75.686386 76.244614 76.596382 76.719696 76.630432 76.361404 75.947311 75.416328 74.786072 74.061928 73.236450 72.288857 71.184555 69.874641 68.296249 66.375122 64.033058 61.204254 57.864368 54.071255 
74.936569 74.807953 74.570427 74.208366 73.728027 73.147263 72.486481 71.762367 70.984482 70.153404 69.260025 68.285233 67.199921 65.965515 64.535477 62.858971 60.888008 58.589737 55.964005 53.062698 
74.252975 73.481873 72.671288 71.818123 70.929291 70.016808 69.092880 68.166306 67.240295 66.311401 65.369148 64.396057 63.368069 62.255363 61.024120 59.639748 58.072235 56.304096 54.340080 52.215824 
73.594521 72.197037 70.817101 69.466476 68.157639 66.901619 65.706055 64.574005 63.503426 62.487190 61.513420 60.565926 59.624794 58.667252 57.668972 56.606239 55.459133 54.215824 52.877289 51.460827 
72.929184 70.896454 68.936058 67.076065 65.336685 63.729881 62.259945 60.924667 59.716728 58.625038 57.635849 56.733658 55.901878 55.123447 54.381413 53.659737 52.944324 52.224297 51.493332 50.750507 
72.226883 69.525330 66.957062 64.568054 62.386662 60.425194 58.683395 57.152412 55.818314 54.664902 53.675701 52.835201 52.129562 51.546814 51.076630 50.709618 50.436218 50.245216 50.122150 50.048168 
71.454102 68.022705 64.801193 61.855385 59.220146 56.904655 54.900162 53.187592 51.743629 50.544991 49.571182 48.806015 48.238201 47.861118 47.671738 47.668465 47.847763 48.199677 48.702770 49.320309 
70.567871 66.311874 62.371925 58.834961 55.737175 53.076782 50.828945 48.958305 47.427849 46.204475 45.262157 44.583431 44.159786 43.991062 44.083675 44.447189 45.088650 46.004360 47.169785 48.530560 
69.506485 64.286568 59.541817 55.378014 51.819878 48.839760 46.384209 44.392693 42.808929 41.586861 40.693401 40.109451 39.829884 39.862778 40.227432 40.950249 42.057098 43.560627 45.442234 47.632397 
68.172409 61.787537 56.132706 51.317802 47.327324 44.081268 41.478767 39.422821 37.831894 36.644203 35.818634 35.334419 35.190628 35.405556 36.015495 37.071350 38.630516 40.739998 43.406845 46.557034 
66.396423 58.559731 51.885380 46.435265 42.092804 38.681946 36.029709 33.991005 32.454758 31.342566 30.605574 30.221891 30.195375 30.555796 31.359800 32.690956 34.655060 37.363029 40.888737 45.189075 
63.854210 54.170662 46.415260 40.446846 35.928730 32.526299 29.969578 28.059319 26.656210 25.668365 25.041779 24.754662 24.815479 25.264528 26.178776 27.679136 29.936930 33.169197 37.596504 43.310688 
59.850288 47.854309 39.159302 33.009552 28.650604 25.526768 23.264942 21.622532 20.444496 19.634995 19.140560 18.941441 19.049164 19.509706 20.413074 21.911093 24.245279 27.781000 33.017807 40.457302 
52.693016 38.237625 29.358912 23.782494 20.138556 17.666542 15.942311 14.722854 13.865758 13.288071 12.945500 12.822789 12.931333 13.313240 14.053754 15.307743 17.352779 20.692205 26.236692 35.500797 
37.684395 23.044655 16.256741 12.623579 10.455305 9.059335 8.115767 7.461711 7.008526 6.706941 6.531468 6.473725 6.540920 6.758877 7.181574 7.913862 9.166288 11.398636 15.736130 25.309231 
