87.188072 91.819550 93.837555 94.809204 95.298660 95.536957 95.629974 95.630180 95.563889 95.442482 95.266922 95.028824 94.708969 94.272537 93.658554 92.756538 91.351250 88.978859 84.510574 74.812660 
81.932831 86.252686 88.721642 90.100822 90.848755 91.219475 91.353088 91.327209 91.183258 90.939491 90.596741 90.139755 89.534836 88.722916 87.605408 86.016579 83.669762 80.053741 74.250839 64.740097 
79.290710 82.536972 84.695808 86.024071 86.776535 87.139618 87.236252 87.142868 86.903038 86.536079 86.041374 85.399185 84.568222 83.479340 82.023972 80.034958 77.257767 73.315704 67.699074 59.896942 
77.693222 79.908981 81.500969 82.523636 83.094330 83.326866 83.310165 83.105759 82.750740 82.261208 81.634262 80.848114 79.860214 78.602898 76.976753 74.841980 72.011017 68.252510 63.332977 57.148659 
76.573425 77.905144 78.875984 79.475815 79.751022 79.764191 79.572723 79.220215 78.733932 78.124741 77.387299 76.499741 75.422470 74.096062 72.438843 70.345779 67.692276 64.350670 60.231865 55.364784 
75.695602 76.262642 76.622620 76.753372 76.670654 76.407120 75.997391 75.469559 74.841187 74.117676 73.291573 72.342148 71.234863 69.920929 68.337578 66.410675 64.062180 61.226433 57.879265 54.078705 
74.946671 74.827698 74.599167 74.245255 73.772079 73.197342 72.541321 71.820663 71.044853 70.214470 69.320404 68.343597 67.255035 66.016220 64.580750 62.897915 60.919903 58.614029 55.980324 53.070858 
74.263702 73.502861 72.701828 71.857330 70.976120 70.070038 69.151184 68.228271 67.304474 66.376312 65.433327 64.458107 63.426655 62.309261 61.072235 59.681137 58.106133 56.329914 54.357422 52.224499 
73.605637 72.218773 70.848740 69.507095 68.206131 66.956741 65.766434 64.638184 63.569885 62.554409 61.579887 60.630180 59.685463 58.723064 57.718796 56.649097 55.494232 54.242558 52.895245 51.469810 
72.940422 70.918434 68.968048 67.117142 65.385727 63.785629 62.321011 60.989571 59.783943 58.693024 57.703072 56.798645 55.963242 55.179897 54.431805 53.703087 52.979828 52.251335 51.511494 50.759590 
72.237991 69.547066 66.988701 64.608673 62.435154 60.480312 58.743774 57.216583 55.884773 54.732128 53.742172 52.899467 52.190239 51.602638 51.126461 50.752487 50.471329 50.271950 50.140106 50.057144 
71.464844 68.043709 64.831779 61.894653 59.267029 56.957943 54.958527 53.249630 51.807877 50.609982 49.635448 48.868149 48.296860 47.915085 47.719913 47.709904 47.881702 48.225517 48.720131 49.328983 
70.578011 66.331703 62.400803 58.872040 55.781441 53.127090 50.884048 49.016880 47.488514 46.265839 45.322838 44.642094 44.215168 44.042011 44.129154 44.486313 45.120689 46.028763 47.186180 48.538754 
69.515823 64.304817 59.568386 55.412121 51.860596 48.886044 46.434902 44.446575 42.864735 41.643307 40.749222 40.163410 39.880829 39.909649 40.269272 40.986244 42.086578 43.583080 45.457321 47.639942 
68.180740 61.803825 56.156422 51.348248 47.363678 44.122589 41.524025 39.470928 37.881714 36.694595 35.868462 35.382591 35.236107 35.447399 36.052841 37.103477 38.656830 40.760040 43.420311 46.563763 
66.403587 58.573746 51.905781 46.461456 42.124073 38.717491 36.068642 34.032391 32.497620 31.385916 30.648439 30.263334 30.234501 30.591793 31.391932 32.718597 34.677692 37.380272 40.900318 45.194866 
63.860077 54.182140 46.431969 40.468300 35.954342 32.555412 30.001463 28.093212 26.691311 25.703867 25.076885 24.788599 24.847519 25.294006 26.205090 27.701775 29.955467 33.183319 37.605991 43.315434 
59.854755 47.863056 39.172028 33.025894 28.670113 25.548941 23.289227 21.648346 20.471228 19.662033 19.167297 18.967289 19.073566 19.532156 20.433115 21.928333 24.259399 27.791756 33.025028 40.460915 
52.696018 38.243500 29.367462 23.793470 20.151661 17.681437 15.958625 14.740194 13.883717 13.306234 12.963461 12.840152 12.947725 13.328321 14.067217 15.319324 17.362263 20.699430 26.241547 35.503223 
37.685894 23.047590 16.261015 12.629068 10.461857 9.066782 8.123923 7.470381 7.017505 6.716022 6.540449 6.482407 6.549117 6.766418 7.188306 7.919652 9.171031 11.402248 15.738556 25.310444 
