87.188675 91.820724 93.839264 94.811401 95.301292 95.539948 95.633255 95.633675 95.567505 95.446144 95.270538 95.032326 94.712265 94.275574 93.661270 92.758873 91.353157 88.980309 84.511543 74.813141 
81.934013 86.254990 88.724998 90.105133 90.853920 91.225349 91.359512 91.334038 91.190338 90.946648 90.603813 90.146591 89.541290 88.728851 87.610703 86.021133 83.673492 80.056580 74.252747 64.741051 
79.292427 82.540329 84.700699 86.030350 86.784042 87.148148 87.245605 87.152817 86.913338 86.546494 86.051666 85.409134 84.577621 83.487984 82.031693 80.041595 77.263199 73.319839 67.701851 59.898331 
77.695427 79.913300 81.507256 82.531708 83.103958 83.337814 83.322174 83.118515 82.763954 82.274582 81.647476 80.860901 79.872276 78.613991 76.986649 74.850494 72.017990 68.257812 63.336540 57.150440 
76.576065 77.910301 78.883492 79.485458 79.762527 79.777267 79.587051 79.235443 78.749710 78.140701 77.403076 76.514999 75.436874 74.109306 72.450668 70.355942 67.700607 64.357010 60.236122 55.366913 
75.698608 76.268501 76.631157 76.764328 76.683731 76.421982 76.013672 75.486862 74.859116 74.135803 73.309502 72.359482 71.251236 69.935989 68.351013 66.422226 64.071640 61.233631 57.884102 54.081123 
74.949951 74.834114 74.608513 74.257263 73.786407 73.213623 72.559158 71.839622 71.064484 70.234322 69.340042 68.362587 67.272964 66.032715 64.595467 62.910572 60.930271 58.621918 55.985626 53.073509 
74.267197 73.509682 72.711769 71.870087 70.991348 70.087341 69.170135 68.248421 67.325333 66.397408 65.454193 64.478279 63.445702 62.326782 61.087875 59.694588 58.117149 56.338306 54.363056 52.227310 
73.609245 72.225830 70.859024 69.520294 68.221901 66.974663 65.786064 64.659042 63.591492 62.576256 61.601498 60.651077 59.705193 58.741211 57.734997 56.663033 55.505646 54.251247 52.901081 51.472721 
72.944077 70.925575 68.978455 67.130493 65.401680 63.803757 62.340866 61.010677 59.805801 58.715126 57.724934 56.819782 55.983192 55.198250 54.448193 53.717186 52.991371 52.260132 51.517399 50.762535 
72.241608 69.554131 66.998985 64.621880 62.450928 60.498241 58.763409 57.237457 55.906391 54.753990 53.763794 52.920361 52.209969 51.620789 51.142666 50.766426 50.482742 50.280647 50.145950 50.060066 
71.468338 68.050545 64.841728 61.907425 59.282280 56.975277 54.977512 53.269810 51.828777 50.631119 49.656349 48.888348 48.315933 47.932632 47.735580 47.723381 47.892738 48.233925 48.725777 49.331810 
70.581314 66.338158 62.410194 58.884098 55.795837 53.143456 50.901974 49.035931 47.508244 46.285793 45.342567 44.661167 44.233177 44.058578 44.143948 44.499039 45.131111 46.036697 47.191505 48.541420 
69.518860 64.310753 59.577026 55.423214 51.873840 48.901100 46.451393 44.464104 42.882885 41.661663 40.767372 40.180962 39.897400 39.924889 40.282879 40.997948 42.096161 43.590378 45.462219 47.642387 
68.183456 61.809128 56.164139 51.358154 47.375504 44.136032 41.538750 39.486572 37.897915 36.710979 35.884666 35.398254 35.250900 35.461002 36.064991 37.113930 38.665390 40.766556 43.424686 46.565948 
66.405922 58.578308 51.912418 46.469978 42.134247 38.729053 36.081306 34.045849 32.511555 31.400009 30.662378 30.276806 30.247225 30.603493 31.402378 32.727585 34.685059 37.385880 40.904083 45.196747 
63.861984 54.185875 46.437401 40.475273 35.962669 32.564877 30.011833 28.104233 26.702724 25.715408 25.088297 24.799633 24.857939 25.303589 26.213646 27.709135 29.961498 33.187908 37.609077 43.316975 
59.856209 47.865898 39.176163 33.031204 28.676455 25.556152 23.297127 21.656738 20.479919 19.670824 19.175989 18.975693 19.081501 19.539455 20.439631 21.933939 24.263992 27.795250 33.027374 40.462086 
52.696991 38.245407 29.370239 23.797039 20.155922 17.686281 15.963932 14.745832 13.889555 13.312140 12.969299 12.845797 12.953055 13.333224 14.071594 15.323090 17.365347 20.701778 26.243122 35.504009 
37.686382 23.048546 16.262405 12.630852 10.463987 9.069204 8.126576 7.473200 7.020424 6.718975 6.543368 6.485229 6.551782 6.768869 7.190495 7.921535 9.172573 11.403421 15.739345 25.310837 
