34.845375 40.618912 43.248409 44.610260 45.376942 45.820389 46.060928 46.151909 46.109840 45.922386 45.541737 44.856930 43.615059 41.189110 35.828197 
28.762596 34.381859 37.764462 39.815689 41.077114 41.843697 42.271416 42.436867 42.365074 42.037971 41.387634 40.270920 38.414207 35.313183 30.123684 
25.823153 30.381472 33.611893 35.810928 37.272129 38.205864 38.744179 38.959068 38.875618 38.476799 37.699913 36.424908 34.457664 31.525734 27.353348 
24.148548 27.708988 30.490707 32.544014 33.994614 34.963455 35.540359 35.779617 35.701538 35.293701 34.510315 33.271137 31.465815 28.978737 25.763977 
23.062057 25.815228 28.097931 29.879814 31.198860 32.112991 32.674194 32.917500 32.857212 32.486153 31.776520 30.683510 29.155724 27.159422 24.723824 
22.284456 24.391933 26.205978 27.678453 28.808023 29.615456 30.125937 30.358978 30.323654 30.017181 29.426102 28.530659 27.314150 25.779404 23.971893 
21.683836 23.262077 24.655598 25.819996 26.739326 27.414875 27.855120 28.068827 28.061249 27.832817 27.380051 26.698875 25.790810 24.672152 23.384346 
21.188814 22.316950 23.334339 24.206608 24.914412 25.449600 25.810839 25.999962 26.019701 25.872789 25.562412 25.093981 24.478064 23.734049 22.893343 
20.754473 21.482569 22.158199 22.757694 23.262108 23.658283 23.938677 24.100485 24.144808 24.076225 23.902832 23.636574 23.293411 22.892641 22.454983 
20.346512 20.700655 21.058201 21.403870 21.718039 21.982754 22.185106 22.318491 22.382822 22.384478 22.336115 22.256073 22.166367 22.088121 22.033947 
19.930923 19.915339 19.970078 20.081549 20.223425 20.369587 20.500505 20.605547 20.683516 20.742744 20.801081 20.885239 21.027866 21.259531 21.592690 
19.461849 19.059702 18.825226 18.728821 18.724527 18.771664 18.841782 18.919680 19.002954 19.101906 19.240227 19.455936 19.800331 20.329447 21.077274 
18.856773 18.036396 17.542305 17.283979 17.174202 17.150761 17.175278 17.228436 17.306721 17.421700 17.601986 17.897953 18.388077 19.180653 20.386963 
17.928844 16.686804 16.023624 15.690592 15.537545 15.481903 15.480137 15.512066 15.573796 15.676183 15.848066 16.145817 16.673367 17.618122 19.289925 
16.171799 14.758350 14.174798 13.917217 13.803483 13.759171 13.751301 13.765895 13.800215 13.861169 13.968281 14.163887 14.541451 15.328547 17.154617 
